-167.955
2178.13
-71.8461
-1021.03
4584.89
-760.707
914.812
-106.263
40757.9
1200.43
2669.68
-2.58237
-0.000624036
2.0837
27.525
0.653088
8.48256
188.955
-14.914
10.5352
190.441
0.689827
-459.352
-1453.68
1.30896
-0.224979
0.0111162
0.248415
1.23082
-4.8821
-6.4425
-20.7237
102.781
-23.881
-4.93922
0.321828
-239.982
-338.317
-362.398
-153.475
-195.603
-295.608
48.5618
0.142788
-52.5045
-517.027
13253.2
3270.94
-43.8944
63.8414
-164.708
-186.155
-201.146
-534.1
-70.2545
74.4792
-347.943
-164.817
104.381
-44.1063
-1151.13
-8479.22
-100.768
-0.444978
-134.6
-124.182
-40.2617
-358.301
-622.136
-33.4437
27.8046
1.26125
58.4014
-258.455
-24.5534
-103.202
-179.356
-555.172
-17.2232
-100.513
-24.6962
72.0622
121.61
114.349
-7.8613
-0.0822668
5.14004
-100.476
-214.87
-1082.65
-32.5936
373.646
5.57985
2.32365
41.561
212.807
19.7572
173.849
66.6223
152.46
1178.29
43292.5
90.741
-3.67779
72.6663
-32.4425
-13.7565
-72.1313
-29.7723
-206.886
-9.91152
-51.2928
17.988
157.729
72.4224
219.712
-337.967
-34.1438
98.2144
-29.3916
-14.8891
218.058
-265.639
674.484
-22.535
-81.5202
-72.6007
-48.1306
3.47515
227.931
-66.5601
60.1106
-1.75053
-4.20819
-0.00232844
-0.330922
1.15429
-140.806
-13.951
-1.66804
-9.5877
-6.06382
7.33259
2.19694
-12.2314
103.652
-79.4985
-89.4633
-461.464
9.12251
-25.8485
-200.721
54.1592
-41.1277
13.8521
32.0112
-93.149
47.9388
-119.332
7.34622
15.0378
-0.268233
-9.78794
-127.491
-9.56716
-174.379
-73.774
-21.5987
70.7572
520.858
66.2453
-2993.95
-0.361456
1573.6
-2466.98
159.273
55.008
21.4402
-3.90385
52.7231
271.111
1329.22
337.666
5178.52
111.51
161.26
28.7381
98.915
418.68
-13.5266
287.208
3545.34
-467.758
-15.96
-7.54906
-117.043
118.866
82.1421
140.096
427.609
304.811
-461.491
-456.86
-1450.34
-57.2531
223.565
-978.116
245.829
-1548.74
177.614
-826.672
164.657
152.775
-378.931
-193.445
733.229
195.953
86.9592
-300.949
152.087
119.835
47.6543
444.634
300.671
63.3483
542.973
49.8576
4.01724
7.98576
95.5461
-31.3223
-350.692
181.384
547.482
147.663
-22.2062
0.368636
39.1472
56.0216
29.4139
25.1193
174.109
174.97
153.89
-1.83746
16.7308
43343.1
-6.52403
101.99
-10.3226
-6.08258
-1.28028
-16.5264
-38.1669
-82.6053
-42.1128
-6.12931
437.02
-654.112
1.86937
178.434
85.6348
6.7389
341.347
-209.635
-0.259543
-112.896
-0.234625
-147.732
-3.36768
-166.292
-26.4395
93.0753
28.5956
57.3095
7.23363
13.6352
-27.4096
-93.9636
-28.7316
-6.93187
-1730.96
23.208
146.836
79.6691
5.0095
10.3409
-44.7086
-56.704
-323.266
-20.831
-247.138
-14.6727
-117.455
-109.766
111.039
-276.14
1391.03
196.889
298.608
675.385
-0.00228434
-1.88395
20.9274
-4.98739
-5.78645
-11.5752
21.4406
2.58036
7.20889
-12.1511
-111.255
-15.067
217.117
-28.7878
47.4798
-16.565
72.0917
410.928
334.884
55.1657
627.976
-128.679
-7.65349
464.325
5.84894
1.43039
90.105
92.5802
61.8271
91.0705
187.37
543.149
-36.9124
-13.5551
-2.21674
142.939
36.1041
419.404
-450.887
1573.62
-254.158
90.719
105.149
-85.592
283.436
139.847
-935.023
159.358
-1353.4
284.988
-433.765
272.054
-1147.71
132.771
-450.205
157.083
-6.01232
1.83785
-20.4215
-243.236
-36.5792
39.7639
-41.2751
104.383
101.094
15.1317
47.3954
96.3667
293.732
90.7945
6.65641
-145.899
48.5593
74.1707
-59.3088
-1.78809
-8.58821
-19.6213
5.24094
-2.37645
168.404
-74.9367
36.0575
80.5571
8.85437
6.18794
31.3751
22.8712
11.0316
4.02363
-24.6297
4.94521
34.6475
6.99128
-12.5588
32.6136
-46.1843
186.287
22.2967
-49.6995
-237.507
249.471
325.123
407.242
438.551
-229.467
589.458
-1746.6
10.7134
170.291
-15.5215
2.42643
4.20917
34.0478
15.7561
0.951781
1.57848
157.019
-42.4897
-26.8372
-224.351
0.156432
-27.0222
-165.835
-56.3023
84.7706
49.6875
0.686143
3.38961
39.112
-25.832
-31.0391
-49.2206
-6.07064
-120.389
-149.221
-118.323
-6.60103
-5.90803
44.0168
-233.062
-120.29
-94.2823
-203.968
-5.81973
43.9839
-0.657509
-125.632
11.5828
235.669
517.393
224.05
-43.2427
-37.315
-13.6344
14.4227
13.4801
-22.4656
-157.208
-22.8748
-127.602
485.521
256.473
187.221
-441.874
-194.411
61.5434
-57.932
8.37702
61.2971
60.9589
65.4059
61.9575
3.97835
-2.33923
0.717871
-0.0277779
-0.148093
0.0294299
-22.5189
6.1419
19.8385
15.9039
40.725
9.06386
-97.3354
25.986
-6.45817
29.7237
-7.95844
-20.3943
-25.8433
-63.0786
-36.6118
39.728
-74.9427
174.072
106.806
-6.34623
43.5473
7.78964
0.68725
-0.0330669
-0.144151
-1.3849
-4.15915
5.09288
17.2402
14.4261
44.8274
425.089
7.34264
322.236
140.031
121.096
14.1727
-13.6519
-25.1276
51.8896
92.119
-955.371
106.93
23.8979
-0.810665
-1.42509
-13.109
0.006531
0.308441
-1.31041
14.147
0.221572
-216.342
-31.9065
-622.456
-0.737798
13.7734
2.73864
-3.17547
-1.42406
0
2.49161
-9.05205
-97.3044
-105.837
3.31509
89.7924
11.1408
6.96749
22.2475
0.69649
-0.3467
-30.4526
-58.8384
0.716811
6.91072
1.69227
-0.0149576
-19.2153
5.30986
4.67475
142.119
206.787
297.299
193.178
216.829
-5.33676
-1.4237
-5.44505
-0.0211198
-63.4185
-79.7478
12.0478
99.859
-20.3166
-1.86613
4.93058
-4.54219
-8.89073
-4.39756
22.2742
12.3457
61.9834
79.5561
-111.398
98.0046
-13.6996
119.588
-70.2539
115.057
-28.4039
-9.51558
-70.3012
-35.1533
170.314
35.8336
-0.454533
-0.238693
-20.4834
516.796
-18.7471
3.56815
-14.9552
20.3124
26.8119
5.43427
-30.3355
-46.6114
44.5868
-9.13441
92.1046
20.8572
-246.871
-97.1174
39.4079
16.4693
6.28193
2.44268
7.94323
10.8735
21.8984
2.95076
-4.35628
0.58534
-1.37996
6.14964
6.85775
4.23107
4.9315
28.3407
-35.8261
-9.01943
146.124
-27.815
-5.83235
-1.45638
43.8662
9.21949
2.64339
-61.5665
-30.4745
-300.452
351.031
228.183
582.823
771.072
-472.569
1718.9
-4692.82
288.634
48.7838
2.87012
-150.626
-13.9766
-9.40327
-3.96783
-29.0067
-58.8864
-32.6633
-25.672
-29.2372
39.0713
3.49587
69.4954
80.6761
-68.5477
-42.5579
-42.5892
65.1926
-58.133
20.3437
5.30119
5.47488
-21.4653
54.3174
28.5366
1.79262
130.167
82.1622
145.838
14.8542
54.0683
-0.821677
-13.8758
115.681
2123.83
-154.307
1830.74
-453.741
-435.744
-178.646
888.561
-2833.63
196.288
3503.65
-1168.07
657.786
-403.499
335.119
-428.002
175.125
-11.7935
1827.98
-1613.95
2915.47
140.227
-240.618
2502.01
231.786
237.521
-491.49
-232.397
-641.489
-205.796
-175.852
-313.65
218.51
2519.12
241.751
-186.85
-330.299
-316.262
-240.106
-195.377
-607.51
3301.1
17110.3
3183.45
-17.5607
-1359.12
35.6823
82.8358
-192.866
-61.5401
-139.592
-60.102
-123.896
-80.7989
17528.9
3011.64
5744.95
-1258.97
36.7613
520.391
-200.815
-111.135
-56.5179
-151.05
-47.0139
-96.6543
-80.6298
0.706174
-145.767
-31.2414
910.619
309.786
959.104
-29.2566
-142.305
-1.59188
10686.2
-382.568
-3392.34
475.292
-1423.3
1626.03
784.129
-871.282
-3.9384
-0.37412
-0.22231
0.296376
0.0700627
1.69306
1.33322
1.30087
-1.30912
2.10085
1.63782
62.121
26.9121
10.4889
10.8268
49.0076
36.576
48.7773
10.4865
27.06
62.049
2.1964
-0.710922
1.94661
-855.559
764.872
475.664
-1417.64
-3307.2
10706.8
0.0171598
15.05
0.0653913
0.0477732
-37.0587
-36.7738
0.0479487
0.000297755
0.107075
0.140496
-0.0101225
-0.00758167
0.122428
-1.80255
-0.117986
-4.86099
5.97498
-22.1097
-15.5498
37.6866
13.1203
0.192117
-11.6983
-21.4342
-4.84468
-0.111509
-1.80264
-0.00900234
-0.012459
0.149541
-0.000397052
-319.511
-131.965
-167.932
-491.234
-124.459
-416.876
-296.796
-523.633
-155.355
-140.395
-314.416
-375.992
-118.538
-276.607
0.751134
0.00261721
1.57058
190628
-922.793
769.609
-2290.12
1415.6
-4283.59
-731.895
-1113.21
-20619.5
3.06505
-6.52197
-4.47145
123.842
376.944
85.9988
-20.829
-28.9885
-966.54
-21334.1
-1032.85
-673.939
-1210.69
-573.352
-26976.9
-636.782
-553.615
-10.3176
-4.61298
-0.308716
8.74708
30.3173
3.61713
-540.999
-868.671
-28736.8
-1356.59
-1498.62
-0.531801
-155.24
-15.1184
-2736.91
-4064.92
5.6704
-191.226
181.807
-0.171003
-47.256
64.1442
-373.319
1546.65
1552.95
134.081
-191.397
5.97415
-10326.5
19342.9
21455
-4198.2
-356.074
-2.71372
13.0412
8.86512
-155.154
-11.3429
-324.94
-22.9838
-317.228
-3603.93
-2593.41
-3636.45
34.5011
46.3599
106.174
106.346
70.9973
60.5565
776.723
-270.254
-233.702
5785.08
3041.15
538.297
98.4187
213.727
228.18
110.15
57.3979
15.3226
18.1009
-11.5468
-40.2139
-51.8743
-9.06227
-59.799
-1067.66
-1776.81
-483.472
-74.1602
-87.707
-1842.63
-670.664
-97.8381
4.82846
-1946.95
15157.9
-12.6679
-0.6366
421.216
-5.6845
-0.301442
-1.96227
53.7687
-52.5659
-22.8932
-45.6874
0.616147
13.9723
-4.03049
-798.941
-24.3778
42.7935
50.7246
310.515
348.487
1674.47
853.748
295.832
1018.3
1068.6
508.991
665.795
45.5504
210.437
-156.082
-35.8967
82.8147
27.047
98.9163
135.895
0.470544
26.499
-9.56468
-77.2507
-33.1605
-11.8855
88.1663
-19.9089
163.376
218.6
518.109
440.04
232.621
-134.19
-80.9196
-291.467
23.4516
71.5121
17.4599
-101.141
-16.8977
-19.4683
-9.63567
60.6477
-8.43635
-1.40801
17.4297
8.93663
-49.2517
125.584
-89.8762
1618.53
849.586
113.997
-670.999
-37.1782
-176.538
-22.8674
-87.8083
-21.5148
-9.79897
-13.1683
-56.8535
-709.782
-503.586
-93.825
-17.9014
-720.319
-424.167
-53.4154
-72.5551
32.1736
-11.4178
-16.2535
3.21009
-25.4455
8.5946
30.44
32.2504
-66.6081
-155.582
-92.0833
-52.0875
-57.6473
-38.5511
96.1591
-30.8075
-2.0749
9.02013
-0.987143
-6.4151
-2.35812
-4.96445
10.2295
-11.8813
-27.6813
134.964
39.7145
53.7368
85.2711
44.9941
6.27039
96.9061
10.1978
271.098
37.638
167.572
705.785
392.096
537.229
158.138
19.1341
33.7327
-6.43887
2.11714
-0.0146815
-6.83259
-2.16539
6.87648
3.72085
0.381503
-18.202
-2.49727
-181.011
-193.628
-130.663
-222.748
23.926
162.264
259.473
309.774
176.344
249.533
-171.398
135.605
275.707
361.32
82.5865
474.424
-1705.64
-564.747
-175.139
-38.1932
17.2473
25.4336
25.9159
-17.8323
-29.3936
-37.8006
-345.717
-110.867
-551.435
-97.6664
-1629.89
-5.52622
-31.5494
-21.7349
6.70991
16.5257
13.4015
27.5279
-19.9703
22.7389
45.0077
70.6264
-72.9084
43.4209
-161.927
151.884
278.21
115.445
194.291
10.2418
-39.7471
-6.86737
12.0624
2.69592
-54.7237
6.90205
69.9979
6.23548
-39.9474
9.71611
191.49
13.4352
678.625
415.296
260.704
450.068
10434.1
1192.88
-1650.05
-2384.43
-314.651
-274.775
-29.7653
-306.214
-405.01
-77.8311
-475.948
-242.5
-58.3187
425.06
227.31
813.457
1251.51
31.4985
487.356
-13.5817
-17.0867
-8.78539
-13.1412
239.335
56.1385
23.9261
15.1032
0.783965
-87.5262
-33.8966
-68.2468
-11.6316
9.5204
-1.38759
2.4747
-28.8782
12.0102
11.3762
10.2501
-25.734
24.1232
109.101
196.21
-70.3195
-0.290625
-4.34964
-20.5706
-18.5532
-36.2738
-145.144
-91.9754
-190.791
-404.412
-344.898
-353.935
-193.2
-61.3761
-107.699
-13.4979
131.204
25.0556
-42.217
23.6805
10.5004
11.5262
-25.921
11.9744
2.48792
-1.78197
-22.8973
56.603
5.36586
-0.272262
-50.4243
41.1804
1.84932
3.6719
8.17919
36.3303
13.5286
46.9975
-8.99774
-38.5573
-3.11956
-10.2657
52.3117
-45.1747
-3.72551
34.3348
34.6667
239.078
13.4851
149.932
-17.3765
-135.842
-23.8752
18.714
165.657
365.718
523.63
221.954
122.195
237.113
463.787
293.931
-58.3442
-22.8754
-5.84035
-25.8594
-61.8945
-22.0244
-21.8442
-13.8951
-28.8498
-45.035
-21.3889
-41.4216
-13.9922
-18.8569
-27.6647
-2.76171
-38.0331
-37.094
-34.2447
-62.4163
-59.1988
-84.2554
-104.195
-37.2516
70.0195
-0.88584
17.4278
-8.1063
-11.1995
47.3029
-38.5663
36.6063
7.33223
8.76339
-23.9663
-44.2805
-21.9241
-20.6557
-20.7831
-28.8415
-35.5375
-70.9161
-29.9742
-12.687
-53.6008
-98.9
-18.5646
-36.5773
3.00253
-40.0587
111.696
-49.4418
-254.613
3.5162
-29.1907
-38.7744
-17.8529
41.7035
27.8438
3.48515
-87.9609
-136.021
-43.1275
114.019
-10.9081
6.22363
-13.4478
24.097
70.1814
-75.7538
11.0958
20.5486
11.4509
34.0082
30.5226
66.6249
41.5742
7.06346
-35.9701
-1473.63
-1304.34
-1090.67
-63.8367
-13.3397
-49.4519
-4.85529
6.09117
74.3005
55.3728
-15.6315
10.4854
186.524
5213.56
-7012.2
-969.542
793.378
-454.143
-448.588
353.173
82.8468
286.957
143.993
100.292
161.49
18.7474
38.4028
185.514
170.129
589.896
246.655
107.484
68.4475
353.122
167.864
76.0296
149.896
60.9365
313.658
102.976
-9.41692
-1.98515
39.1954
-57.1465
25.6662
-724.981
-60.9697
159.123
-215.62
15.8544
-136.398
233.503
-153.155
-561.628
7.28284
2.27387
4.00138
3.79376
3.05699
16.2221
52.8383
31.6609
38.1585
14.2369
3.5963
4.35715
3.1533
7.93518
9.48015
3.46292
-1.22744
1.70672
4.0805
-11.6777
-23.612
-8.79911
-152.869
518.38
238.167
-1.68277
429.014
-62.1842
-284.313
1.60577
-240.342
-777.513
-787.784
-535.935
3.23017
18.2697
6.01564
-8.05853
78.8002
1.12878
1.86951
-6.00408
-1.47864
9.23651
2.36461
-1.03076
55.1098
0.823596
-8.5035
-1.23345
6.50843
-28.6518
10.0766
1.0843
13.3635
-26.0743
-232.435
-289.939
-116.47
-30.4689
-39.2667
-16.134
-4.92748
-1054.99
-2278.42
-2.08113
104.526
942.009
-47.8604
-22.5043
7.27723
-55.867
3.4674
20.2712
398.84
51.8175
120.381
46.6364
9.36537
-10.8427
6.36148
19.1301
12.724
37.8526
30.8904
58.6235
21.0428
65.3472
49.3788
27.6163
34.4243
32.8125
67.3912
21.145
9.79321
42.1752
3.89581
6.35948
6.11287
8.21139
5.28986
6.09205
2.41533
2.45943
5.49592
11.5039
18.5409
30.1559
7.22936
46.5915
49.3414
29.1638
36.6162
59.8815
25.1487
6.06454
9.58576
920.75
246.099
-396.592
59.0561
-452.948
-37.9724
-162.98
17.3255
3.6243
6.51189
0.0602014
-2.10091
-0.263796
-6.42319
0.527848
17.6838
-2.76187
-0.102079
-13.9399
-34.0894
32.3995
109.611
263.429
18.9391
-0.678774
161.86
-17.344
-31.9686
-66.088
-1.94434
25.4596
-5.21556
-74.2682
764.24
382.864
73.9875
-52.8077
-7.3708
-29.1108
21.5802
5.75026
1.50329
23.9391
-36.6557
-614.662
-247.049
146.492
75.9493
87.0051
-13.705
-182.684
-181.88
-130.967
68.9548
22.6636
260.81
309.177
260.465
174.718
-164.733
-146.518
-49.2119
93.4976
-47.9767
508.839
-108.92
17.2028
3098.07
1240.93
780.262
66.1601
-46.68
206.998
-0.177739
-4.27312
-4.23756
-20.0188
-9.32445
-0.115415
-28.0319
25.8728
119.768
129.255
125.686
77.2402
4.88488
17.4202
21.6719
5.45686
-21.3385
-675.556
-1117.67
-10779.2
-1515.35
-282.26
-351.304
18.8626
-764.872
33.9047
8.83407
20.0191
-31.3854
181.798
-369.918
-13.0883
-9.71304
84.301
338.215
91.7367
482.163
-13.6093
-154.995
-496.033
-414.307
-252.838
-50.4949
-282.565
-32.0374
-433.277
-1657.87
14.1728
342.286
1365.22
329.493
671.215
294.699
62.8253
509.878
366.633
670.239
152.4
301.172
1472.44
10786.3
-0.118741
5.0531
4.79691
10.7489
6.4791
-5.27094
3.11049
-3.61251
-2.12144
-7.32035
-2.26224
-35.3975
-5.88206
-15.332
-123.367
-140.716
-7.63713
-18.5647
-2.595
0.0638906
3.2329
1.85242
-0.0733156
1.44319
-1.90358
-2.67337
1.75371
2.52448
-0.62628
-3.09651
-2.33764
-1.25662
-4.59347
-9.38187
-16.0113
-468.374
-858.006
-234.023
-132.955
-132.005
904.96
-113.654
1054.57
-3172.36
5.98769
0.1779
-149.791
-57.2917
-28.7515
-30.1077
7.45228
-13.047
3.62041
1.81691
-37.0417
30.0679
59.0843
29.3837
1540.05
72.2868
-29.213
-148.473
-7.63335
-129.804
-107.251
123.139
-63.1106
-87.7187
-136.112
-47.928
-16.4913
-2.6051
26.5386
10.5257
124.091
-2.28088
55.375
43.0086
51.4466
-12.7495
278.705
424.029
88.8001
23.8611
-4.36397
-10.4529
-3.51789
-6.99396
20.2788
397.711
3.2959
-55.8338
7.30029
-22.5465
-4.99655
-10.2501
-24.3635
-99.8142
-41.3628
-173.427
-271.414
45.8907
88.2021
41.3416
-651.434
-183.502
-989.834
-925.855
-1304.69
-520.913
48.7698
-472.961
-584.107
-98.4724
2.22919
105.212
-790.127
64.1221
106.722
-17.8575
-5.87063
-8.75005
-260.215
-995.225
-190.948
10.6858
24.0536
5.17897
13.9117
-104.371
-81.3212
2.03343
1146.44
1561.19
634.41
-816.701
-322.41
-3026.4
-83.1351
236.179
-1023.18
-200.26
-553.866
-5778.62
-208.328
57.6425
40.2938
241.904
335.988
62.7133
31.2301
55.1475
398.751
16.0927
55.821
33.9619
38.4843
27.1125
20.4768
27.0877
13.4411
14.633
6.5105
5.42114
8.36953
-22.3295
-449.379
-100.928
-307.517
-190.512
213.744
-56.6376
-309.058
-620.673
71.7086
1495.33
136.13
-847.109
-55.9288
9.81813
10.5317
12.6324
10.5079
20.1359
-10.195
74.2801
46.5278
63.0694
28.2102
41.881
49.6805
63.9558
42.0656
51.7616
60.8381
36.0048
33.9506
60.1867
-27.3318
-7.33674
-9.1913
-13.9867
46.0751
52.3186
58.9366
45.9752
147.763
76.4076
-12.7685
-202.68
-25.825
-33.3052
-7.474
-14.2398
23.6432
-20.1176
24.3189
62.1646
43.3651
34.6158
145.468
22.3028
36.0275
3.77893
23.9445
21.0263
6.19538
5.73035
-3.0546
-1.60876
-4.88049
-1.5364
-0.176103
13.2424
27.9888
-1.29635
92.4747
98.2583
411.882
68.7023
21.8281
28.3321
265.293
29.8785
92.3076
88.0258
623.129
19.6415
28.6835
7.48133
-4.88996
13.7838
8.5364
15.979
29.3748
6.43964
0.508593
-22.2833
-10.4722
-81.3381
117.251
-9.03108
-1052.07
-66.5842
-64.2142
20.5752
71.7924
20.7578
63.1579
70.1484
251.639
157.71
63.7723
65.6246
312.692
176.76
107.292
248.314
162.953
556.241
130.596
133.89
86.86
165.513
109.372
32.4789
-413.39
165.543
20.0439
-60.7693
323.968
770.913
10594.1
-11049.7
77.3817
48.0592
25.8759
10.619
0.0668961
3.28446
36.1242
-2.82727
3.99122
9.09878
7.64441
-2.41233
7.78158
-3.51505
13.8016
-0.414275
-1.4867
-0.0505055
-0.464238
1.73589
-0.312446
1.77592
0.071695
11.7314
8.32482
22.2458
4.6879
45.15
17.3628
31.2674
19.658
8.31528
4.73353
1.77493
-0.312482
0.0662981
1.73236
-0.0519418
-0.518428
0.238559
-0.735105
-4.21577
-14.8113
-4.25028
29.5416
1.37656
20.0615
0.859541
-1.18245
0.0325107
-0.14288
-0.0145788
0
-0.829588
-1.48819
-2.40995
-0.70443
-1.48687
-0.713631
-0.080085
-1.63459
-0.12251
-0.175594
-1.79009
-5.45961
13.2689
-0.901629
-0.145499
-0.0488272
-0.0143279
-0.584001
-0.82789
-0.280815
2.41704
2.42382
3.59341
-1.76004
-0.0800896
-0.124334
0.0130007
2.23614
9.63192
-18.98
11.3814
19.2565
3.73763
57.7448
45.3712
27.7853
79.6409
20.0668
8.51944
9.68988
6.49579
-0.533876
-0.0801462
-4.46311
-2.31219
2.41153
-3.11871
1.65624
-20.612
-28.6216
1412.53
-0.809528
-3.09989
-4.38929
-24.3925
-6.03883
-132.901
6.21694
-2.77933
-6.23909
54.898
51.9095
21.8592
17.9446
7.10855
12.792
8.92604
5.11347
9.56294
-0.849796
0.092708
-9.11976
-4.35891
-235.96
1050.31
5.13386
28.1578
15.6411
14.8127
-15.6729
3.11127
-45.2619
-838.563
-1276.44
-80.099
-899.859
163.195
107.547
32.9134
34.754
-14.4517
56.1932
69.2937
-6.75217
176.793
1145.28
57.5631
1564.5
-0.145193
-10.5378
-3.52888
-0.84073
-4.54009
15.0186
10.0719
12.887
-0.861551
15.0602
57.4251
10.1285
7.46179
22.0881
12.5801
9.22764
4.98074
0.521476
-11.8604
-8.36919
-61.4384
-198.306
-119.81
-170.466
13.7083
12.734
31.2329
25.103
31.2563
41.8841
72.9999
55.5042
14.5801
-154.277
-166.572
-60.6537
-170.337
-10.9872
0.512886
9.23385
12.6157
7.42692
-247.43
-29.1232
-19.822
-91.1681
80.3678
22.2359
41.5839
-22.4272
-18.3348
-6.52753
23.9016
-32.0011
74.9425
-157.222
-934.842
-28.4661
-125.422
-105.832
184.279
1678.14
-124.316
-240.146
-76.5077
-10.0985
-942.641
-90.3285
-4029.16
-7.65016
28.4056
159.467
165.772
30.4418
164.751
237.787
95.3017
774.727
2500.14
68.6315
99.6677
3051.87
5790.74
536.698
201.901
109.674
228.049
117.549
34.3949
61.4743
20.0108
-11.5535
-46.3126
-38.4892
-9.87769
-79.7601
-1179.27
-483.958
-6.96035
-57.125
-1.8959
33.5895
-3.89239
-11.6369
41.4534
-11.8036
0.300174
5.32901
-0.589212
-79.4257
4190.11
37.2324
61.764
73.6354
67.9912
24.864
7.32485
6.03816
23.9624
22.8641
6.58549
3.48334
-9.05405
-0.139896
0.333913
-11.8001
-4.53683
-1.2405
-3.17104
-1.89796
-1.2601
3.483
0.14046
3.66416
-0.763611
0.107119
-2.1982
-9.47413
-6.91498
-10.5061
-14.1037
-445.366
-209.664
104.699
189.684
193.698
153.155
167.476
164.694
36.4055
67.0904
123.576
68.1631
41.9717
33.3042
559.347
191.679
80.021
1.55242
-107.159
23.9753
-14.0453
30.461
-5.07963
-7.87257
127.117
264.978
283.362
260.419
60.3681
-7.80808
-7.32747
-92.2079
15.9679
-8.48717
45.4801
-60.8237
-35.0008
-197.443
83.1181
82.872
640.008
223.733
360.509
390.213
358.596
1521.25
61.0742
16.9363
0.141942
5.24113
3.71002
1.49111
3.043
1.5606
9.92852
4.79306
0.83856
3.76393
1.5852
2.12063
11.1754
14.9054
4.04337
10.9444
13.4672
25.7835
8.45755
53.1005
46.076
31.6404
22.1287
10.6893
5.49772
5.75004
8.23235
7.94597
12.6475
6.84615
7.23489
17.0763
35.0912
58.9362
0.30235
5.44913
3.6182
13.5361
-5.71759
21.906
-2.84772
0.145754
7.99567
9.47914
52.6118
-6.85841
-1.21396
-8.30935
228.097
209.77
1802.29
-349.225
-51.0749
50.0897
51.3288
63.3719
25.037
25.1069
10.9224
9.23675
52.0509
0.214417
40.7761
39.8817
24.9139
9.13791
-131.733
-113.506
899.599
-675.7
180.685
-17.8113
-6.8528
-9.8186
-4.60653
-4.04951
-20.5824
-9.82378
-5.21859
-1.25318
-3.6409
-7.77015
-12.0956
-22.1855
3.29506
13.2733
15.0776
21.7768
31.4529
49.6842
-122.671
-9.07203
-1.08979
3.86848
6.86274
18.5053
124.913
20.39
140.103
3922.21
40.5676
19.8189
8.84862
119.151
188.096
-76.2385
732.26
-9.44364
3267.86
1891.39
-32.8831
-362.966
-6.8617
1569.09
197.411
-25.7757
48.3442
82.8644
90.3441
178.332
265.31
196.303
253.906
221.146
246.995
202.84
21.7205
-111.83
-116.518
5.41025
-6099.56
-6766.06
2143.5
-8679.95
-7737.03
1150.93
3617.85
396.31
182.625
19.2248
241.422
271.737
165.541
141.16
67.4781
35.2185
51.6171
41.6002
-9.146
15.3839
-462.203
-523.299
14.4686
-0.161863
6.03857
-10.1473
-23.5237
-11.859
-30.7467
46.4979
37.6313
15.8436
-42.9261
-34.9027
830.204
123.023
77.764
92.4713
109.563
-83.5649
36.9272
175.254
70.4001
513.32
-0.221701
-35.7416
-30.2019
20.2994
12.3132
-43.8447
-29.0508
-9.97824
-1.16207
-23.1015
-0.18477
5.37082
1.71733
7.54134
9.72087
21.3476
21.2495
26.8412
8.44285
-5.27953
2.93751
89.571
0.827211
-130.126
-1948.07
2.07126
-0.818192
-0.324814
4.48364
-5.9701
-4.65657
-1.6915
-5.18906
-4.37311
-3.2827
2.21618
1.76421
13.1676
4.97039
-12.56
-27.9839
7.78555
-107.081
-0.0673881
-59.1474
-14.7749
40.5837
12.1788
4.32171
-5.65466
18.3956
-80.0924
-102.842
-50.0851
-62.9335
-117.491
12.6824
-102.519
54.9369
-72.5535
28.9784
31.4344
14.8756
-23.5268
-36.6417
-12.7438
-10.7779
-9.52907
-6.70454
-3.26426
3.89686
-0.854144
11.2561
6.94427
-0.255979
7.91962
10.6369
39.725
-43.3139
-43.1414
-38.8535
-31.6521
-28.3243
136.101
33.3343
158.756
77.6445
44.3877
108.706
296.423
281.655
675.54
-3777.13
-12.6902
-367.138
-438.408
-428.351
-17.0005
-4.59195
188.236
1666.27
4402.1
3679.3
3107.61
1171.91
2461.41
2871.89
111.798
8745.2
-8.85769
2.76092
5.37252
-1.74261
6.71172
-0.866302
-7.39098
15.4856
3.6778
57.7127
-2.68577
279.23
345.879
293.864
843.964
307.107
108.797
103.139
42.802
182.746
127.817
95.033
190.827
76.8029
10.0715
24.7122
11.1967
46.0953
22.5548
19.816
0.0858117
-1.27483
-1.99062
2766.67
1115.99
205.12
74.7857
157.683
115.088
139.826
127.19
5.21412
-59.1163
-59.2241
29.4035
187.729
173.009
498.634
206.441
-984.797
189.312
193.73
142.885
72.8335
55.3699
72.7929
32.5623
-496.547
-10020.4
2141.15
-2101.85
-5901.94
-2479.72
-69.5606
211.917
85.2407
295.103
92.1628
-18.0283
-9.59666
8.38626
18.1614
7.81509
42.4209
98.9489
88.6477
77.8796
46.5589
179.525
404.208
280.674
933.32
345.078
251.654
199.745
3.64067
-9.91087
27.6093
20.5652
35.273
16.9087
32.8545
-3.73905
148.209
48.493
-292.69
-300.921
-0.712078
15.0632
-5.31533
-330.078
-477.863
98.5714
-120.859
163.547
-61.8121
16.852
13.167
5.25095
-0.207883
-0.320109
-12.9967
-0.32246
-32.1859
-12.4581
-8.2061
-47.6111
-45.0581
-161.079
-35.8521
-32.9488
-143.033
-37.3045
-25.7869
-39.9414
-6.63619
-1.52439
-0.216014
-13.7299
-1.83426
-1.76694
-0.292306
-3.59791
-3.1667
-7.09124
-4.34458
87.9012
2.71118
3.26561
-5.8645
-3.02595
-27.3956
69.3207
-1.84224
169.991
445.983
-11.7643
60.6458
-852.617
117.848
54.1654
-12.222
-132.509
59.8512
-40.5325
-121.217
-69.7423
6.00739
2.50787
7.67388
1.85836
1.63803
-1.20049
0.594503
-25.8197
-29.9951
51.8486
50.8829
58.6177
-2287.76
-425.611
621.881
23.3793
15.5957
23.4209
33.9531
40.5965
149.507
81.1363
305.867
68.0822
-41.3604
-151.893
98.6986
1409
4827.7
3488.77
2426.59
1046.99
3095.69
2990.05
8667.59
-5.93802
-45.4121
-39.6674
-5.53266
-77.6534
16.8849
11.4296
19.5198
13.1889
-1.34438
-6.40629
47.3561
-250.805
29.3071
-442.648
86.9097
-13.1743
-4.473
-597.157
241.984
646.126
2762.82
182.106
-155.188
-24.5392
-838.755
-267.85
-404.549
920.227
-1922.62
223.062
-21.1325
838.583
-98.7714
72.8094
68.5906
82.4764
-1.98935
-38.4825
-37.6083
498.197
-47.4552
-261.04
7149.41
265.734
-62.7157
-46.3312
275.551
347.62
245.562
72.167
88.8335
120.867
134.794
-53.5188
-634.882
-34.4773
4545.15
-482.472
339.763
-461.935
-263.488
-485.28
1025.73
-1186.44
323.338
-65.5741
624.252
-133.592
69.8492
100.947
89.8565
0.444598
-41.2324
34.3317
121.659
-82.6321
-76.4943
-20.7372
102.275
215.194
232.368
200.549
82.545
122.18
-57.481
282.359
2567.09
722.969
900.332
-585.852
-270.936
-400.316
-632.595
-331.85
-299.54
-196.791
-223.593
-393.821
124.604
175.824
71.3553
-303.757
-164.209
-611.774
-441.091
-276.155
-281.249
-211.906
-287.351
-474.694
3894.08
5937.54
3189.8
-637.642
-1243.91
-1256.84
38.9994
130.229
266.147
-37.5425
-101.598
-36.3872
-173.308
-88.1706
-89.1443
-66.3413
-93.5927
7021.59
12915.1
5515.82
-1356.2
-682.273
-648.47
-184.94
-480.129
108.07
-104.475
24.4867
-22.7676
3.40719
-185.894
-82.6772
-112.157
-1.64499
-6.67672
-5.09432
23.9774
-4.87337
10.6625
-6.59142
-11.3823
-2.08678
4738.55
803.754
-2231.46
365.644
-1524.66
184.03
280.659
196.331
398.37
-455.04
-1.01553
-1.06671
-0.606924
-0.238527
0.715705
0.103483
0.140166
0.299692
0.545767
0.201062
0.0850497
-0.16605
0.364028
0.844804
5.18846
10.2918
17.8268
31.1594
19.9984
-0.245139
-1.05082
23.3633
-0.873503
-0.238169
31.1576
17.8831
10.0942
5.18274
0.905348
-0.331062
-0.0509644
0.0107874
-451.047
391.982
205.288
322.661
162.449
-1522.91
293.009
-2180.49
766.59
4732.28
18233.7
158.457
1045.99
157.934
18258.7
-56.9116
-10.4629
-449.403
0.312578
0.44689
0.417584
0.0884261
0.237543
0.0251668
-0.00453996
-0.00459943
0.0399389
-0.00896735
0.342265
-0.0430153
0.753368
1.83478
2.97129
-5.07079
-12.8659
-10.9657
0.00333946
-4.08094
-3.12925
-9.50791
-11.971
-5.02415
1.81747
0.744803
-0.0407487
0.352252
0.0348021
0.0017689
-0.00302663
0.0225614
0.0263213
0.0020449
-286.112
-154.253
-140.481
-227.315
-265.836
-439.828
-167.102
-206.689
-366.953
-146.43
-145.328
-316.202
-497.447
-238.55
-216.826
-161.675
-158.408
-315.758
-310.834
-170.485
-141.074
-114.933
-220.115
1.35408
0.988705
0.933473
-37460
5532.68
-37097.2
-2459.13
-4741.09
-4979
-669.052
-4964.38
-5488.77
0.417393
-2.73658
-2.34777
74.362
97.5583
87.9899
-52.8853
-246.728
-411.554
-6660.33
-5515.59
-434.137
-2930.97
-13022.2
-7289.87
-198.088
-3456.11
-253.947
6.76352
-1.67942
10.8131
2.37711
5.47174
1.29264
-413.426
-6674.44
-3795.63
-467.13
-3990.41
-364.59
2.14139
-21.5381
4.60899
-1942.78
-28143.3
-6168.66
96.5559
90.1166
154.788
62.5271
63.1588
77.9118
-217.163
1467.39
1441.41
98.2492
74.9045
55.921
-1701.66
9411.8
22450.3
-44483.5
-115214
-1019.94
-1.34077
-0.357933
1.29563
-131.794
-215.558
-253.229
-31.3791
-635.399
-568.543
-1329.08
-7220.05
-3704.63
-12.0346
-73.5651
9.40961
89.5669
63.883
151.967
47.2944
61.6561
38.8861
6315.28
2156.7
942.209
-1289.31
-936.722
-393.038
883.58
1251.04
238.654
74.9717
156.795
103.901
206.369
148.933
149.916
27.9133
34.3259
10.8568
3.58054
10.4259
-6.25527
-75.5109
-48.4976
-91.364
-15.4022
-19.328
-47.763
-1441.39
-1467.78
-1524.32
-366.269
-852.73
-370.424
7.58331
-40.3074
-95.4274
-334.126
-443.214
-669.518
-164.54
-19.9689
-59.46
-231.858
-286.268
-33.7307
-0.0520437
12.7571
140.92
-0.808933
-0.0206508
-0.262929
16.6632
6.61726
24.6355
-59.1237
-33.3749
-38.8538
-28.866
-15.0312
-6.44308
0.35691
1.74515
-830.041
-243.843
-158.191
73.2307
244.581
358.156
232.923
501.791
305.438
394.97
657.452
578.931
839.171
775.599
500.981
37.9145
149.971
93.574
-67.3126
-78.8327
7.01886
116.097
52.0208
66.0779
43.9818
97.1646
107.975
-66.9644
19.9162
-49.9782
-2.92958
-54.0604
-47.9842
-1.53483
-10.8007
38.2065
157.24
34.9819
51.3849
261.518
185.441
261.618
561.826
533.215
568.501
339.633
206.564
-363.212
-102.382
-316.018
-155.353
-144.064
-37.1273
148.689
72.6532
32.0072
55.2841
-46.2944
-109.249
8.56649
-19.1769
-1.66965
14.608
15.5748
69.072
-30.4171
-14.0506
-1.42697
0.830699
-2.24844
-44.0527
-3.21277
12.6534
19.1109
9.04835
208.309
-402.919
-191.201
-226.098
3331.8
1402.22
2538.4
714.671
345.211
-165.985
-386.068
-95.6536
-23.9323
-44.3542
-54.0273
8.2471
-12.5721
1426.07
27.9701
20176.5
-45.2137
-162.949
-386.921
-765.28
-56.2223
-19.0076
-196.755
-113.599
-612.818
-474.675
-96.7662
-93.0933
-32.933
-45.108
1.5104
-1.97117
7.57443
-9.19274
-11.5928
7.46189
55.5781
35.1788
53.0703
-56.193
-75.8206
-132.842
-79.3257
-75.7251
-62.6742
-13.8101
-10.2039
70.6018
-13.3104
-18.0574
6.63931
-9.4222
-1.32668
-11.3822
-19.0731
-3.24969
-13.6368
12.997
6.62336
21.9988
-307.72
-94.9173
-73.0518
62.8847
56.221
137.67
37.715
45.5936
43.3663
81.3642
69.5146
62.5263
32.407
47.7166
143.961
71.0031
118.988
310.197
124.047
213.496
84.7647
37.4985
21.1611
566.305
650.081
1312.75
263.329
221.348
136.881
104.01
76.7649
11.8337
5.59837
1.66435
-32.2052
0.557169
-14.8083
0.629953
-2.91348
-1.79449
7.32913
-3.9041
5.74501
5.22883
2.56422
2.46016
-2.29415
1.17914
-3.30762
-20.9038
-6.75561
-10.7555
-350.393
-197.548
-307.978
-176.424
-260.836
-326.798
193.157
99.234
356.465
-112.283
124.145
67.8482
216.178
272.658
197.968
-147.158
53.142
41.724
760.855
420.731
666.415
303.784
175.575
150.838
-54.7915
-1087.72
-681.114
-46.5377
-98.2835
-23.8873
-239.362
-414.452
10.2263
9.50929
17.2484
27.5385
26.3126
30.4433
-25.5638
-10.7512
-35.7118
-91.7928
-60.0727
-47.6408
-12.2623
-30.3541
-263.716
-681.411
-576.286
-663.371
-312.484
-163.832
-770.028
-1569.37
6.10756
-14.3751
-38.8661
-20.0599
0.251908
2.97053
22.9745
21.8924
28.315
-26.2346
4.8455
6.36769
75.9421
62.4099
87.9698
-82.2636
9.50465
11.2877
-85.358
-51.6849
79.8904
123.319
153.166
51.7899
163.964
236.053
218.302
-5.52192
-5.74922
-9.17859
36.3083
6.056
17.7696
5.21949
19.5642
69.7662
19.6004
20.0786
6.77662
26.3238
301.216
87.4739
113.012
492.378
577.025
362.214
434.585
323.926
584.949
32356.4
7430.81
12815.4
-257.843
-79.8195
-24.7762
-510.271
-1430.74
-351.254
-110.25
-105.086
-39.8208
-19.3427
-183.452
-163.894
-229.094
-203.891
-61.6699
-100.253
-303.642
-353.822
-33.7471
-130.388
-12.8819
-31.4949
-62.178
132.168
333.49
721.635
288.198
71.1402
293.073
333.983
868.437
195.39
-8.53232
-9.65808
-104.618
402.517
-9.9946
588.021
640.299
559.233
176.16
76.0575
5.44883
8.91013
11.7058
-0.0335385
-91.1018
-58.4958
-72.3887
-29.8932
-32.4486
-11.393
24.9182
17.2307
3.4187
-6.62239
-6.56861
-23.3123
20.5824
15.1693
27.9725
-11.6552
-8.59856
-31.0099
-0.254049
25.2123
28.6909
49.3937
226.238
-111.15
-3.66981
4.53353
-7.385
-40.434
-7.62245
-45.929
-85.1881
-91.2985
-164.681
-85.3564
-163.708
-385.773
-430.476
-275.828
-213.351
-300.103
-137.874
-91.9526
-156.004
-76.0894
-7.04223
49.5006
48.7758
-81.6452
-10.7461
-39.9435
43.6009
39.3756
29.5477
-7.85576
-7.7759
-23.9374
7.16111
8.6795
4.92013
-13.9247
-9.15917
-29.3657
125.665
39.1326
55.0327
-28.9879
-24.4485
-45.9044
25.012
43.803
19.9342
1.57535
7.95093
1.60066
20.7032
9.60895
16.7253
43.0162
20.622
28.3153
-14.1827
35.2229
23.7479
-39.0555
-22.6992
-56.4733
-4.80059
-2.56646
0.708792
52.9349
-4.86904
-29.9072
-17.6472
51.6731
7.05186
256.465
207.456
446.306
246.757
388.205
-24.9929
-11.4821
-36.8912
-154.435
-70.8722
-61.8937
-4.71052
29.4402
141.084
74.102
677.972
637.885
771.089
136.825
128.186
57.7004
109.797
146.653
276.495
146.454
37.8489
2.18465
-33.8211
-37.6872
-22.197
-0.790101
-3.09971
6.54028
-14.2947
-8.60522
-5.98706
-20.8451
-43.7136
-26.4696
-23.7241
-24.7627
-17.1776
-16.5689
-13.1517
-27.4237
-34.785
-42.1657
-35.0262
-24.5945
-50.1493
-39.0518
-5.59826
-17.4185
-12.0255
-59.4352
-12.367
-36.4623
-32.0583
-48.6477
-35.793
56.6185
35.5989
-25.3299
-24.1892
-45.2514
-48.9736
-54.561
-39.0934
-44.7255
-125.166
-101.695
-133.682
-32.1331
-11.6043
76.4714
43.8714
67.392
8.66137
-25.7819
0.245653
-2.00196
2.25557
58.7968
-4.22676
-12.925
43.7332
41.5837
35.2583
2.28102
7.45523
2.06737
7.02855
4.94047
2.03608
-11.705
-13.5533
-68.3368
-45.3522
-55.0702
-19.4074
-58.063
-16.5094
-19.9201
-15.4647
-41.8661
-31.6211
-44.0231
-91.3707
-119.286
-23.5684
-41.9618
-60.407
-24.0961
-19.9226
-9.19799
-39.6766
-36.6095
-89.6648
-139.631
-3.18145
30.409
-40.795
-18.1403
-23.5033
-48.4759
3.37985
55.3363
-89.2333
-111.011
-227.05
-39.4912
-20.5062
-35.6513
-34.8978
-41.8523
-45.5635
-34.8405
-14.5668
7.18693
56.1152
40.8822
42.1022
-10.1993
-6.22284
-41.9575
-20.1123
-159.852
-39.3886
-84.1584
-3.60685
16.8479
-3.08808
-92.8978
16.5765
11.6552
10.289
32.1152
1.502
72.4713
29.4147
28.0803
15.4025
12.4827
22.4881
31.3225
24.3814
33.5386
96.6541
51.1068
67.4707
-13.8364
-4.20871
-35.0687
-636.21
-1438.29
-593.914
-467.15
-49.7837
-164.349
-39.0441
-56.3504
-9.9544
-6.55519
-21.3916
-4.22092
-8.55742
278.232
65.5332
164.545
-121.913
-22.5802
-21.5896
382.307
150.831
491.695
17543.4
4050.73
10084.9
-1568.72
8780.82
252.668
524.528
81.9311
-17.0089
-3.80465
74.207
169.872
2.3031
232.428
171.998
191.707
163.086
77.7765
65.6528
76.4605
114.766
249.465
254.723
524.858
210.722
136.32
101.492
98.1302
129.975
315.358
272.58
104.697
169.897
113.162
61.6309
68.6356
66.2403
53.5434
-91.2512
-16.6198
-178.087
-26.1922
-18.637
-85.2812
39.4436
-43.6944
-657.86
101.271
118.106
418.871
-388.455
13.5928
-22.8474
-134.733
-127.595
-134.581
-1285.05
-752.597
-680.081
1.98122
1.54517
6.91246
3.74978
5.58867
4.65221
5.84854
15.964
47.8983
46.9054
35.3471
30.6489
39.6783
9.95572
3.11899
4.30723
4.56965
10.5387
6.25227
13.4801
6.19663
5.46462
4.14721
-6.52736
1.6159
-2.50621
-10.0988
2.3473
-97.7265
-9.57026
-24.9962
-14.1042
398.291
1181.92
2477.86
-9.40934
-0.423154
2.13394
676.321
810.724
978.339
-24.2868
-18.5629
2.18222
-341.374
-965.653
-1342.75
-867.163
-1891.26
-1698.17
-3.60557
-4.95125
8.86469
13.6336
7.96659
5.60292
1.95454
-4.35937
55.4148
15.1654
13.9168
1.3185
0.233624
-33.0714
-2.31662
-4.68721
23.8035
9.01106
23.3929
1.65719
3.81636
2.0507
1.63578
-9.51312
-85.0273
35.7226
538.389
-17.944
-4.93433
-5.51288
-15.8142
-2.36256
8.52592
3.9353
13.9735
-55.9304
-2.45404
-4.55022
-1.58533
4.83884
0.911026
-32.7093
-39.1817
-153.869
-180.602
-106.319
-19.6819
-36.1701
-20.7083
-4.33924
-12.3526
-2.31203
-480.792
-1332.1
-496.958
-14.5169
-273.64
-306.588
-1061.19
-166.592
-519.699
-273.706
-90.1246
12.0884
68.5851
93.9241
-11.7522
-3.35928
7.86342
-4.44306
-10.1636
-48.3727
4.39131
38.0664
75.4778
194.974
42.3922
69.6342
52.507
2.96623
-3.02484
-5.56668
2.64633
7.13583
18.0986
16.6734
14.4591
56.2389
36.4324
50.3907
47.5766
33.8972
29.2801
63.1258
57.6682
54.3114
22.287
28.6387
23.1267
28.6812
20.7623
41.5717
5.82648
14.3069
10.329
13.8758
22.7565
29.0252
3.39769
4.48871
3.64235
10.0384
8.05118
8.23743
6.14498
5.58821
4.26572
3.45585
1.97292
2.60675
4.04896
5.07669
12.0372
12.6461
21.1526
27.971
23.7248
15.5348
10.6319
57.1944
45.511
56.2243
4.74026
4.66101
46.8019
49.7041
23.7818
33.344
28.304
77.3408
77.474
96.5745
3.47087
3.93469
3.95773
12.0074
17.4462
21.1348
4.65268
3.88839
3.98691
313.016
222.315
-199.179
-48.5785
-41.4169
-443.673
-668.74
-187.023
-23.7448
-86.6949
-44.8245
17.1548
9.50471
10.2397
4.36164
2.6678
1.71757
-5.14587
-0.790864
-1.84751
-19.0155
-6.44052
-14.7271
3.66038
5.62814
1.58823
9.06602
-2.09711
1.664
18.7932
8.02177
60.5518
99.6132
75.8838
84.6768
-30.9426
-16.2153
-18.0863
18.3451
39.2734
88.0734
16.6981
7.80346
-2.99889
-40.9781
-57.7263
-59.0651
5.78023
-2.66137
8.34777
27.474
10.6765
11.0618
11.8117
24.4493
19.6968
-56.3625
-31.4645
-18.5021
252.379
123.685
99.5799
297.944
-62.7017
-42.888
-56.6364
-69.9674
-18.1406
12.3699
154.882
-20.3151
97.8771
21.57
46.4026
-2.06726
3.0957
-1.47393
7.90517
-3.11936
-55.447
-668.524
-375.492
-356.007
60.7765
151.088
151.822
25.6106
152.943
-48.7696
-1.42164
-15.0535
-319.243
-187.772
-352.345
-239.326
-80.0809
273.762
50.8343
193.565
321.096
309.132
472.414
202.97
256.667
192.826
28.171
-143.262
-199.087
-51.7854
-96.5641
-138.871
-176.314
-369.239
-295.652
-219.753
12.1626
-66.0215
201.749
193.335
473.573
-235.777
-245.937
-143.669
-127.584
-95.3989
1348.39
1571.29
681.064
7.64414
43.432
-32.5362
-4.78417
-15.6447
-1.99749
-13.1035
-9.44781
-14.2566
-13.6602
-6.75618
-0.800742
-1.63515
0.716262
-19.0944
-27.7613
-24.9345
68.951
9.74484
31.239
186.263
84.507
175.54
82.7882
116.083
84.6985
11.0987
-2.4403
11.206
3.38663
-0.0239353
2.76317
2.3061
-5.04549
-4.27786
-171.223
-1576.7
-6093.73
-4253.79
-1285.76
-2320.62
-1837.77
-31.4571
-1.13926
-6.40067
-103.608
-95.2803
8.58088
15.5995
23.9603
21.7289
-37.2947
-7.87764
78.7867
-239.921
-81.8941
-8.81602
-292.25
-9.3103
-17.3319
-14.7001
55.4746
83.4577
487.241
244.141
-52.7549
-58.7353
189.281
-40.1989
-31.7817
-54.1742
-222.347
-240.57
-42.713
-232.446
-183.529
-120.252
-233.068
-33.4771
-266.372
-218.283
-45.3958
-16.2539
-133.029
-149.085
-10038.9
-4407.38
-9519.76
33.2638
120.034
176.402
956.781
1329.06
447.705
821.344
778.308
317.193
75.9069
195.75
239.501
500.003
618.43
946.172
290.68
267.071
326.132
12678.4
6180.97
32067.7
-35.1687
-173.08
-289.507
114.912
35.4829
28.2159
-0.727367
-1.74456
-19.7449
52.4088
18.5908
24.6339
-10.2465
-5.51891
-73.6595
-2.56584
-2.56057
-5.68095
19.7102
-1.11586
27.3838
-38.5369
-2.30659
-3.6717
-2.97523
-4.59875
-5.58656
-9.25284
0.141907
-4.80529
-27.5468
-12.0095
-6.9152
-16.6715
-97.0852
-89.8032
-47.1911
-53.52
-7.05514
-23.1944
-99.2139
-5.62782
-3.40542
2.34814
1.324
3.97804
-1.03199
-0.518553
-0.862548
0.840153
-0.392368
-3.25277
-1.93005
-14.7235
-2.95193
-5.39215
3.10142
4.02051
212.25
465.443
-1.03945
-2.21568
113.675
110.761
-1.95817
-2.00698
11635.7
21.4306
91.463
78.4432
-10.4268
-13.361
-17.0458
-376.203
-548.221
-591.324
-18.1334
-241.103
-284.723
-164.277
3.54955
-129.723
-52.7345
90.9999
740.547
-1400.26
-3198.61
-4388.13
-2.42555
1.25616
-3.341
-1.31325
-0.497683
-132.135
-68.6012
-60.6987
-6.96734
-11.3126
7.22723
-53.5026
-37.4342
-20.0033
-3.20609
-1.04133
-4.66039
18.8394
23.1579
61.8259
59.9035
63.1108
74.155
70.9154
56.9704
49.7275
18.6302
16.4636
7.42484
821.405
643.555
310.357
-79.0252
-119.089
-128.533
-133.331
-103.181
-18.1279
-58.6365
-57.6584
205.145
-0.247478
-6.71287
-97.9292
-117.342
-127.618
-28.8473
-58.6043
-25.8668
1.08067
0.975057
9.84118
223.655
256.485
45.7115
3.42196
116.815
118.339
38.7856
-14.5185
-8.91834
347.138
672.46
270.734
181.944
140.746
3.0455
11.1293
-5.80766
-8.15573
-11.6711
-12.1735
-3.98496
-6.05077
-6.615
12.7075
28.5077
4.28978
-103.885
-124.131
5.4148
-3.73337
-3.28248
-7.72331
-15.887
-26.0296
-18.432
-39.7813
-114.003
-65.0722
-79.5964
-238.216
-195.959
-238.654
-0.869317
35.7463
17.8593
-1907.78
-504.975
-1640.68
-1533.48
-2228.08
-750.731
-91.1973
-757.158
-3.21439
51.6944
16.2853
-0.459519
-262.371
-12.5494
-9.41129
-13.49
-33.9713
76.4581
-38.286
46.4587
37.0677
-9.78304
-2.51012
-11.6806
-5.31404
-224.426
-1505.58
-1034.47
-1832.27
-1535.2
8.60492
12.3387
1.92775
10.4042
4.53049
-157.556
-819.097
140.461
290.488
867.754
419.91
1259.8
590.607
-19.1528
348.002
-31.7183
52.3227
-600.767
-169.591
-344.921
-47.5623
156.582
330.896
100.978
132.94
-840.094
-1764.13
-2050.09
-49.658
-130.549
-145.166
235.049
83.313
170.097
324.083
364.375
261.601
116.266
100.421
13.8228
36.1172
30.7894
337.208
81.5076
27.0735
47.9166
49.3644
42.5064
21.7315
31.6293
19.3335
16.8274
24.3289
22.5746
17.3369
17.0711
18.6723
7.47529
4.67985
11.5844
8.15531
6.32449
7.18261
10.2534
11.7622
73.3786
35.077
68.0966
-579.004
-490.66
-653.634
276.389
196.355
1466.36
-276.425
-83.7515
-730.282
-1037.76
-1282.07
37.4251
486.115
241.217
44.7552
159.352
32.9252
-61.3313
-51.121
-43.7992
43.7972
4.87355
47.3831
19.1571
25.6225
3.06794
-2.55053
-13.7975
55.9349
58.1791
58.3173
56.7558
55.2207
39.157
48.2549
52.4626
55.1949
64.7338
55.107
50.568
64.3812
56.2916
75.5854
15.2038
28.9403
18.1819
16.0178
4.44527
-48.2116
3.0306
-6.58134
-5.16994
15.8374
8.17156
48.9031
64.3148
52.5159
85.2371
105.765
125.185
71.1808
30.6778
-38.6563
3.44575
-104.654
-184.065
-87.8626
-96.7911
-252.772
-302.264
-186.635
-12.6396
-11.458
2.47013
-2.79027
35.6035
-20.0627
-19.0122
-15.0456
105.663
52.938
68.4072
78.0377
94.9104
131.582
34.9832
38.1802
24.8895
18.8788
7.32727
31.3441
37.548
7.0066
11.0704
2.8489
17.5755
4.79403
-1.82658
0.217281
-0.201765
-5.69504
-7.86938
-0.427139
-2.20282
-0.326609
80.9341
28.6654
42.0031
6.65472
8.93705
-7.7764
50.9856
99.6868
136.01
163.94
409.335
35.5038
39.2403
10.9997
90.2509
66.3504
303.672
40.5452
44.4314
58.3954
123.608
194.537
408.073
11.7806
23.1235
15.261
6.23714
11.4691
-19.6024
16.7518
12.5562
13.5656
6.55488
20.1673
-12.0545
-5.66332
5.30764
-3.10954
-20.5285
-3.80134
-12.6253
105.56
77.2661
170.686
-96.1722
-62.4142
-836.378
-96.7549
-56.0781
-53.5523
87.6498
23.0268
225.276
71.337
36.7119
64.0547
113.373
97.0499
222.26
159.148
73.3441
70.8196
115.763
113.012
352.578
259.221
117.545
193.051
245.108
158.662
170.305
153.148
140.238
107.027
85.0848
81.2288
96.9851
79.5666
-76.8973
-87.5333
-79.7359
202.427
99.6577
82.3798
-88.5337
-33.3787
-103.795
1758.02
4892.52
-50627.8
-4757.49
114.382
108.961
30.6291
45.6739
27.464
0.571296
7.28831
-1.92974
7.58358
17.6527
22.7522
-1.60679
1.43571
1.41956
13.7729
10.2965
12.6916
-2.31814
2.25715
0.65148
-4.39914
2.81165
-0.857177
-0.512713
-0.965225
-0.779314
-0.0416707
-0.112948
-0.0893612
1.72614
0.496119
-1.44433
0.983086
0.754661
0.306779
15.0351
11.0532
11.881
21.4717
13.35
-18.1993
65.0291
41.2275
41.6869
27.8449
25.7442
17.3858
3.95615
8.22472
2.27128
5.68776
6.32467
1.4562
-0.183559
0.550728
-0.00224754
0.645319
0.570747
-0.260689
-0.127509
-0.0422352
0.818478
-2.69864
-1.93019
-5.02512
-14.7828
-12.2734
-7.31676
44.446
12.7645
16.4318
3.90618
13.3732
-2.13807
-0.333539
-0.158976
0.268424
-0.309218
-0.269874
-0.336645
0.0562231
-0.0020188
-0.0156467
-1.89393
-0.750046
-2.26988
-0.568274
-1.1527
-0.0938192
-0.64626
-1.36537
-0.694186
0.217622
-0.643367
-0.142456
-0.183323
-0.174312
-0.333604
-6.93902
-6.85812
-15.1088
41.958
25.248
2.43029
3.28561
-0.0821752
-0.239854
-0.613292
-0.0573543
-0.0549428
-0.0213216
-0.264652
-0.122225
-0.663787
-2.2782
-0.752646
-1.89267
2.63892
1.18152
5.41311
-0.786313
-0.106845
0.468978
1.72464
2.62899
2.38643
0.646785
2.04131
0.470451
-0.953349
-0.896113
1.01662
0.4993
-2.99936
-0.637343
0.21424
-0.174733
-0.181622
-0.0731565
-0.0933406
-0.216862
-3.02552
4.05142
-5.0352
2.81256
7.68275
15.8697
53.7796
-4.08832
15.0613
56.1059
40.8231
46.3798
14.3834
34.1507
19.2806
59.6325
53.2729
78.0282
-3.40728
25.5029
26.6929
15.6353
9.45333
11.1955
11.0956
18.4407
12.6118
29.8102
5.86806
2.74498
-1.73554
-0.522017
-6.93129
-9.79523
-1.91261
-0.719596
-49.4717
-5.00666
-13.8603
3513.72
330.657
1.31666
-3.68498
-0.563903
0.717743
1.07519
-32.7985
-0.264856
-13.7824
0.672555
0.323125
-138.94
-73.6489
-162.782
188.39
111.247
-24.4675
-3873.2
-1720.45
-0.239578
0.420621
-12.677
-3.04586
-9.26908
-1.66583
-39.7127
-157.363
-74.1541
-138.81
-27.6987
91.9493
185.547
4.16391
-6.90191
-6.82705
-20.4997
46.6278
46.9128
35.9316
31.9715
20.5809
30.6876
11.8652
11.9323
8.58006
14.2738
7.13693
10.0968
2.98151
6.05875
4.97951
1.96655
2.24216
-0.278857
-0.713399
-2.70274
-9.71421
-5.40565
-49.4187
-240.416
333.712
3518.86
13.9133
10.7024
20.6766
25.4692
10.6653
0.970635
22.8531
19.7005
-12.2744
-7.56034
1.76008
-48.3662
-5.94518
-1456.79
-1213.3
-1025.39
-58.3575
-511.618
-394.059
449.335
378.414
151.725
52.8357
55.7991
29.1176
10.0243
-26.6016
-17.238
336.708
154.635
230.915
15.2185
1.67031
-7.02262
291.446
253.677
523.242
355.085
279.524
97.1078
588.518
1264.7
420.288
14.6017
4.69669
-12.6658
-8.53101
-6.11478
-3.98273
-0.46743
-3.08696
-1.90066
25.7794
31.7564
9.23442
10.5842
11.4627
-3.0993
-0.467459
31.8796
25.7104
97.108
10.6173
9.1725
7.5006
8.61944
24.4797
17.0789
18.5071
5.8477
8.84838
1.71176
3.24869
0.130405
-29.0053
-11.138
-14.6896
-23.4267
-49.0141
-262.173
-205.547
-121.572
-170.793
-106.554
42.7099
-9.85381
11.2682
22.7707
24.3009
26.3625
34.2344
34.1776
34.7228
27.8916
33.6553
92.4729
59.6719
32.93
66.5776
-7.15747
9.94955
-24.3677
-67.273
-126.707
-75.9426
-73.0067
-96.902
-124.498
-3.94503
-10.9756
-3.60711
0.831379
-4.40752
10.7173
7.53714
13.955
9.63442
9.83124
16.7563
13.8664
9.68242
20.4388
11.6109
-344.009
-270.488
-311.829
15.3125
-27.292
10.1773
-17.3655
19.3493
55.0078
6.61726
54.3576
41.6537
15.0051
-18.975
40.804
-3.71462
5.95936
-10.6081
42.656
-0.0124268
18.4902
54.3662
44.2821
54.9894
43.6931
-355.459
-453.459
-862.449
-46.2782
-15.8942
-18.0555
-275.049
-162.545
-941.95
-2.56009
910.877
320.361
-218.054
-117.417
-203.251
-107.132
-329.872
-162.95
-189.561
-99.1661
-25.5196
-9.04149
-1202.65
-524.207
-172.503
-798.974
-1341
35.8428
2.2747
95.5873
-168.796
1924.56
-1463.12
63.8801
73.8327
141.031
221.864
190.891
227.225
32.7984
60.2508
91.1115
618.225
354.604
56.4722
222.845
196.462
14182.4
12937.3
86.8134
86.7995
73.0004
1031.3
2004.73
841.004
112.363
194.036
131.74
113.907
117.109
20.268
49.2518
34.563
20.8033
-6.33414
-47.7516
-42.9863
-71.8753
-47.9202
-110.188
-1398.5
-1451.41
-1155.48
-443.055
80.5718
-51.0652
28.7589
8.24011
-2.37393
-8.3575
-87.9342
-26.3052
-41.4467
-12.4002
-36.7288
-55.4281
-16.2026
-2.72322
-0.240176
-3.4695
-87.025
-15.1218
-134.06
-604.726
13.1245
25.2626
73.9676
72.518
75.0632
58.6284
74.9124
14.2313
14.0446
9.00471
5.04462
5.4768
6.20455
13.7332
14.0252
7.28867
6.05675
4.70682
-1.30373
0.529898
0.503837
1.28588
-11.6451
-7.08004
-5.50569
39.4692
123.079
-2.19785
-1.89034
-1.46391
2513.25
631.244
5.52162
2.60008
3.74798
3.15125
0.994685
-0.224054
-0.808062
-0.103573
-0.759915
653.963
635.684
191.766
4096.07
-8.21535
-12.1694
-19.755
-11.107
-33.6564
-942.008
-693.595
-130.267
-588.585
-182.857
5207.33
870.711
86.053
138.269
118.604
345.258
417.768
471.596
342.471
215.261
372.112
95.2036
116.17
92.5378
150.843
147.108
-44.6071
104.986
123.775
125.366
5.93846
18.8568
85.8433
52.9752
34.7001
55.4037
533.423
275.725
314.579
52.5474
-24.8735
502.334
825.449
19.3558
-51.998
-102.746
-42.9859
-46.0349
-14.3172
-24.9307
-1.11633
52.2179
10.3059
30.1644
-8.53832
52.5103
96.0343
388.693
302.631
436.26
126.365
119.493
49.8865
-34.4875
-8.12456
-37.867
-13.9799
-35.9088
-58.4649
2.57694
0.72942
-4.06505
45.7751
-2.05188
-56.1582
-151.039
-99.3307
-320.498
-0.0480821
10.0393
30.0944
279.75
310.815
605.928
33.5348
80.0559
108.533
451.102
514.759
370.267
421.199
384.161
408.753
2506.41
2191.82
32.6574
51.2158
15.1854
1.57114
6.65675
4.70272
3.62824
2.2899
2.50149
1.77491
1.51591
0.926795
6.4018
11.5107
4.91789
1.84074
2.46919
4.15386
2.26992
1.88031
2.74434
18.9635
10.9666
22.0598
1.04797
7.43015
-4.6929
21.1098
21.9377
20.4348
14.9967
11.4828
63.8675
74.0409
44.7076
39.3132
41.9702
13.4207
14.3808
9.71829
3.01341
5.00803
3.18146
5.52243
4.74262
2.49921
5.38356
6.28936
25.5059
10.5462
15.8098
12.9681
9.75402
8.34373
-4.19702
8.81654
3.85561
37.1879
44.5448
47.6743
-26.703
8.82086
-6.38144
-2.63306
-11.8511
11.4595
17.3328
-10.4859
4.45336
6.61131
-21.7583
-3.35583
-7.05952
4.77863
1.95893
2.24649
3.23769
2.45125
7.62673
7.39851
14.1771
10.8269
25.6126
39.9755
46.7659
28.9371
0.845169
-4.76146
0.297402
-4.58117
-6.30979
73.5357
773.794
197.994
1182.48
1649.04
-1114.48
-269.325
-239.999
4.92392
-6.75473
-10.1032
48.9011
41.9725
52.1764
64.1091
71.1317
40.2295
45.3443
18.0338
15.4426
11.6463
24.1567
20.2482
24.6909
57.7581
11.5495
13.6805
32.4008
48.7867
23.2551
13.8833
11.31
7.75917
8.33
8.75107
11.0284
10.0672
-193.513
-131.194
-53.0528
-128.624
3.12754
-2415.43
-1316.58
78.8811
741.767
90.8083
-81.6845
-9.92906
-22.0208
-2.46051
-0.243261
-3.85119
-11.4501
-14.3521
-14.1936
-6.155
-8.3206
-4.3724
3.25587
-0.616956
1.73104
0.909217
-0.365355
-2.60878
-9.08856
-7.8901
-15.3403
-61.9804
-39.8542
-11.4856
-7.90673
-390.782
-87.629
-60.5308
13.8704
39.2652
30.8322
20.2671
27.8977
34.701
28.211
35.4506
24.1326
32.3326
41.4612
35.5331
-100.524
-23.3376
-11.3436
-21.9013
-21.2309
-1.27447
2.33514
3.30807
54.9557
18.0058
25.7897
21.1103
31.7481
464.535
102.872
321.82
752.552
-40.8247
-27.3131
44.1247
21.7436
24.3491
15.5703
141.73
72.2669
89.3405
38.1041
96.3131
187.763
-20.2883
38.7611
36.2867
697.586
-13.9757
-31.8907
10682
2363.56
713.651
3410.38
704.911
3092.46
1347.2
-26.8485
0.742738
-65.9217
-81.7085
-278.571
-121.971
-132.109
2.77248
-11.6516
-14.2271
-8.64282
703.349
252.76
284.633
31.0828
-70.5299
71.6349
58.8
164.089
154.502
123.869
112.737
85.3409
101.019
187.934
179.01
267.341
213.472
311.341
292.708
230.202
286.858
257.284
335.186
146.39
200.062
227.914
259.815
232.199
153.578
213.237
196.146
97.3403
97.0756
-27.2732
-43.8525
-108.74
-107.65
-119.041
-7.94759
-44.9229
77.5433
-79.0211
-1989.2
-1392.94
1861.83
1141.9
468.407
-12872.9
-10226.8
-2881.03
-1875.93
-3549.28
-547.306
880.666
930.137
763.207
488.149
539.157
341.383
196.119
337.088
251.225
338.645
292.664
147.992
157.628
142.161
47.2094
50.5917
28.7591
40.494
44.2056
38.947
-3.81508
12.3529
1.75471
-1597.9
-172.169
-449.728
-35.7774
-1401.94
-77.4767
0.186378
2.7148
3.17881
-3.6874
7.75274
-0.0530964
-3.16196
-3.94482
-6.91171
-26.0037
-23.0421
-15.3147
-26.7318
-27.2347
-25.3394
142.405
34.6194
104.342
87.5759
75.1481
123.512
6.48691
-1.51422
-95.1163
-32.7984
-47.2466
-30.9434
-27.4924
202.406
658.998
1844.15
84.043
101.567
102.927
86.2954
85.7894
84.8446
66.0647
95.344
97.658
52.4649
49.5916
63.1713
49.5674
66.9081
1588.38
584.869
522.702
321.566
225.357
251.439
68.9427
230.184
1066.91
6372.97
2618.11
-39.5028
-52.2288
-20.2872
-38.4884
-30.0557
0.48473
10.6812
-4.45465
-98.7165
-46.6022
-69.8184
-2.11814
-3.08211
-0.670593
-10.7638
-9.49766
-0.298181
5.88409
3.30618
3.20583
11.1664
9.72533
11.4995
45.373
29.5292
53.9642
34.311
31.1627
-82.2769
-0.273204
-6.18003
6.71502
5.68605
4.27955
61.4685
10.5678
-7.54784
10.2206
92.5165
-152.867
-1185.64
-1882.04
-2413.74
-603.712
2.90481
4.94783
-3.91858
-1.51589
-0.771
-0.230014
-1.14799
-2.50779
2.79839
-3.68026
-5.23899
8.42848
5.04416
7.83308
-1.26035
-2.22566
-6.58793
-3.61855
-6.29337
-4.05824
-3.08613
6.36897
1.0122
9.89829
8.61135
10.2823
6.65376
28.4316
-8.68736
-3.7547
-9.26717
-70.8169
-133.982
-22.4474
10.2744
-55.0872
40.4791
75.5047
-3.9975
-4.34451
15.1599
-40.1322
-30.2213
-4.95829
-27.9112
-31.0659
18.3597
4.11604
-31.0505
109.011
48.7367
115.002
16.9854
25.3976
13.6136
1.67502
4.4027
-2.58376
31.9172
23.1556
31.3482
-138.431
-78.9781
-120.316
-95.3818
-82.2574
-88.9039
-30.4961
-31.539
-9.72999
-126.019
-109.084
-119.614
55.2906
37.7895
-279.888
-218.208
-991.267
35.2549
-13.3506
-3.93004
3.07548
-74.4263
-3.30716
25.3627
-13.9757
-45.3774
-22.7141
1.27933
-74.0277
-48.5535
-64.2414
-18.7528
-17.5646
-12.099
-7.83882
-10.3933
-6.52981
2.75537
-5.70643
2.32328
1.76129
0.605711
-0.32341
12.7963
9.61376
10.9649
3.3819
3.38748
-0.274386
40.9879
18.9038
13.567
9.366
12.5938
7.7334
16.9277
32.2566
59.3419
-24.3408
-22.9257
-78.6213
-96.7545
-167.128
-19.293
-16.385
-59.8531
-55.54
-12.6888
-11.546
-55.4662
-47.3383
-157.714
-32.5439
-55.7796
164.82
325.742
159.965
105.294
13.0724
8.42512
1.93688
141.088
168.555
213.762
241.097
168.172
127.343
506.798
421.967
545.666
342.241
311.736
144.174
-1404.89
-1128.68
-4157.76
-214.571
-28204.4
-7482.54
-29.9008
-27.2836
-11.0027
-757.071
-576.915
-777.293
-80.3938
-615.864
-528.813
-122.088
-149.928
-23.9395
-57.1788
-190.416
-4.06791
-8.47912
-2.01364
-11.1011
0.0429388
-59.9182
72.5583
232.168
135.65
1490.09
4000.85
942.575
3.88501
308.124
275.735
1900.05
181.996
-26.5654
-85.9976
-506.087
898.126
7900.49
1318.12
278.902
263.689
1.05268
208.571
1575.07
778.003
4650.54
3283.6
1993.8
-4.12102
-4.09192
1.8479
20.5433
27.1926
103.672
-9.49188
-6.88163
-0.950398
1.31714
-1.20435
-12.7471
-5.52114
-12.6832
36.215
-11.6228
-68.9409
13.9542
11.6192
2.61795
60.773
123.24
38.2889
16.4469
13.4521
804.032
477.486
545.08
235.378
329.49
295.568
2857.87
1435.21
1729.39
783.161
692.715
362.85
213.331
216.404
81.9641
111.459
90.757
251.358
260.19
249.494
221.591
135.966
253.627
21.3641
23.8174
6.86985
17.3913
11.1646
10.3685
35.7589
43.7577
23.8613
36.5471
11.3907
36.5702
18.6924
14.0956
20.1601
16.4113
45.1927
27.2446
53.898
26.7058
0.905604
1967.29
34.3548
10612.5
107.591
256.768
-0.742761
-1.30873
444.447
2214.2
330.057
342.125
511.893
516.163
60.3625
103.314
88.8904
242.42
231.687
374.548
48.8775
64.4662
100.11
18.9894
133.096
95.4625
93.6054
82.1143
112.543
165.705
-155.696
82.4355
-137.262
-87.6289
-128.025
-70.9901
-154.256
12.5784
-18.4714
97.2445
107.102
174.375
41.1303
58.9594
263.812
335.723
519.502
122.703
206.688
216.571
232.797
235.736
237.533
252.176
233.941
198.348
212.855
209.079
145.177
151.426
57.6341
142.127
27.7749
94.6419
56.347
48.019
-15.1954
2317.24
573.495
486.112
-2305.38
-542.669
-3733.66
-1837.11
1858.48
-2312.94
-317.761
-11409.2
-10655.3
-4043.27
-1435.96
-1871.9
138.701
-105.123
90.6898
305.685
129.415
274
438.223
308.07
299.616
88.8181
71.4968
48.307
46.8514
27.4918
-3.56917
-36.7322
-38.6145
-56.5233
-67.5333
-101.28
68.1342
93.5808
110.778
29.7961
24.945
44.3508
161.018
98.6771
156.133
112.502
79.6225
76.3592
10.7747
60.6959
132.853
144.01
232.399
314.555
328.257
219.042
309.09
347.707
319.857
2705.49
1534.07
3438.36
838.246
832.124
285.905
424.336
64.1744
205.516
76.0958
7.85795
5.17288
-3.21886
19.5941
21.7155
21.4639
23.1142
26.8157
25.2418
1.65692
7.17467
-22.0871
200.776
108.078
133.561
42.2152
-27.9197
-58.427
-39.5828
-332.4
-265.099
22.554
-3.88159
37.5582
0.138661
1.8358
14.5057
97.8495
195.658
131.853
143.607
-194.748
-1182.88
-1282.27
-3548.29
173.478
26.6427
127.757
525.262
-398.514
-100.687
77.9245
78.8136
-23.6
-904.448
-848.087
-3194.32
18.2147
16.1952
2.31247
3.82535
-0.337571
-3.29287
-9.26409
-8.41432
-5.17731
-3.09227
-66.2163
-21.5853
-35.0195
-24.8729
-19.4458
-9.70925
-126.048
-55.5606
-95.0716
-160.885
-124.966
-68.9102
-124.689
-83.9317
-74.0074
-14.3238
-19.1678
-0.0908273
-162.591
-75.9476
-77.3513
-7.20606
-9.91154
-0.187581
-10.6469
-18.071
-6.12679
-0.769601
-1.12929
-0.0509279
-16.4136
-4.9067
-4.31371
-1.12096
-0.885354
-0.738561
-3.06345
-2.54993
-5.78155
-6.09497
-4.86698
-5.30396
115.41
9.65364
10.5615
1.51908
4.49451
8.25335
-3.33832
-8.98379
-9.55539
-10.8172
75.336
-63.1496
-92.644
-126.928
49.7581
109.534
215.196
335.755
280.121
271.945
-228.167
-775.147
5.12952
146.887
3.76423
160.837
223.332
-210.28
-7.63119
-6.85927
-17.6948
-153.576
-100.353
-8.23213
-18.1463
21.6811
-82.4905
-49.3608
-94.7201
-78.9255
-162.539
-96.3592
-132.681
-74.2453
5.02103
2.65233
2.15365
5.76136
2.13989
1.14865
0.644767
3.7119
3.11603
4.11381
-3.06152
-4.56896
5.87498
-0.856558
0.0637758
-3.20968
7.71441
3.61591
-8.2621
-20.2175
-18.415
5.15252
12.4063
4.65838
-2.89327
47.6893
53.5245
35.3926
46.6747
24.7924
-31.9897
0.0710215
-9.69095
-1729.34
-1564.53
-120.684
-1287.96
889.699
367.577
183.961
312.123
31.3791
23.1293
37.0806
25.6239
23.0654
24.2068
18.5352
32.2927
78.73
59.0261
64.391
43.3824
55.6368
7.84778
6.56013
38.6316
213.447
218.528
275.33
111.57
113.804
74.5326
46.7482
12.9376
8.4238
228.784
232.362
-2.07329
26.836
-265.855
-53.2018
-55.4021
-22.8271
-51.0574
-86.1689
-372.619
-263.018
-5.72174
155.325
781.88
-65.5583
748.801
752.722
-0.32746
230.346
-99.6405
74.5272
367.694
145.467
9.70071
4661.91
14978.3
6144.68
2671.46
2389.88
4003.31
1812.86
94.586
975.843
1734.32
531.348
1884.43
-37.5031
-95.3942
-18.5034
-27.2254
-2.88001
-130.655
-145.809
-93.5026
-3.11459
-1.73989
27.0828
34.7031
32.1401
85.5807
26.5624
51.9768
18.4328
42.6543
-6.76196
-4.29218
-4.15537
22.7247
77.3046
-22.9227
-53.9441
-53.4712
31.257
-44.8271
-53.9227
73.6279
125.417
55.6018
58.1366
-13.3528
-5.42941
-1.83789
-576.822
-1726.82
-605.412
-57.6017
302.311
479.972
586.298
10878.9
8001.6
142.235
665.993
244.629
290.995
39.0019
-5.42579
-750.755
-468.71
-802.257
-113.007
-1195.76
-636.515
-611.633
-2208.72
-499.737
2574.06
1610.66
1772.79
-272.47
-182.034
1453.17
278.938
365.254
83.5194
163.842
211.754
241.236
44.8821
488.596
434.7
450.393
510.262
87.1612
413.283
358.559
736.413
306.998
-33.2342
-114.017
-20.0721
-111.116
-338.556
62.1675
-558.818
-116.052
-526.835
665.503
279.238
1080.95
-968.74
1823.55
-1307.36
-582.506
-2150.35
-64.3312
-321.462
-431.059
44.7011
23.7871
-142.463
-132.045
376.504
685.614
603.112
-160.695
-115.412
528.87
396.384
641.841
-133.42
-209.308
-230.3
286.166
319.188
188.338
-29.0049
-40.6091
-161.15
-17.2773
-40.3616
-3.46723
60.3531
103.455
1368.07
145.705
-227.384
873.266
-194
-757.392
-2415.19
-442.367
-48.8621
-601.142
-259.556
-499.284
-7266.5
-45.172
-88.96
1051.23
-829.895
-669.399
-705.043
-535.576
-1295.35
-801.832
-1024.43
7502.92
-4738.87
-906.53
1830.73
1823.31
-242.24
-468.753
448.555
764.278
197.158
179.811
-177.704
-275.472
368.766
400.636
-301.751
-295.004
491.922
416.147
297.041
-208.189
-256.61
23.7749
-40.7862
-57.3335
191.35
66.8851
-84.0684
-109.643
233.653
-90.0396
-167.971
12.0262
-48.863
37.5896
94.44
32.7885
-22.5704
-197.023
-235.004
635.607
732.871
638.2
-185.107
-190.075
515.277
474.305
274.246
-185.979
-138.588
190.403
414.578
336.188
-32.4324
-42.6272
-86.3038
288.291
-16.0154
7.16837
-583.598
-227.055
-235.275
2901.41
496.531
525.247
210.226
28.7666
131.172
-5.86802
-60.6311
-142.804
-414.419
-331.263
-202.78
-165.149
-246.192
-205.147
-201.499
-202.885
482.596
2878.8
510.346
715.567
1086.43
-87.2347
0.0801133
107.662
644.716
-149.635
-237.943
-261.693
-299.118
-239.361
-235.961
-284.531
-563.767
2262.37
4549.99
8019.01
10470.2
15007.4
3455.07
715.163
208.866
-772.87
-564.215
191.534
109.001
-69.0727
139.982
-125.182
-78.8549
-111.626
-66.872
-64.2959
-66.5407
-65.5697
-87.8752
-153.851
-112.197
21575
4913.31
14879.9
6629.94
2144.01
3773.44
-172.086
544.305
1001.73
1202.36
348.176
-19.6445
8.27755
-147.126
-229.397
-131.458
-107.683
-76.7809
-70.3821
-146.85
-70.6276
16.7472
-62.275
-62.0226
-92.7464
8.2032
12.412
-5.78526
-86.3892
-190.908
148.946
735.939
2049.69
1696.81
4056.85
1721.48
1863.79
705.416
151.673
-130.245
-1379.49
-104.738
-16.1416
0.808761
9935.54
1469.1
-1348.13
-7681.92
-5977.99
962.919
-392.886
476.316
1489.07
1131.92
1274.99
2214.06
1700.35
1478.48
474.064
-847.021
3.48459
-0.199193
-0.53662
-0.276975
-0.341028
-0.0735821
-0.106485
-0.26042
0.41473
0.343518
0.0968851
0.13612
1.80892
4.62246
1.70156
-0.402127
-2.8435
-3.19359
0.952086
-0.506613
1.5785
4.25286
19.9824
9.64673
29.682
127.448
59.304
45.663
31.6869
25.2174
-12.6926
50.0344
-7.14285
10.3396
143.861
114.852
11.7203
-7.65555
49.4296
45.8643
25.2259
32.0209
58.4231
29.7311
9.65195
19.8986
0.921571
2.99355
0.747344
-1.06844
0.138452
0.667991
4.0738
-861.642
478.115
1440.88
1625.54
1339.1
1085.35
1000.4
515.497
-470.177
-5979.56
-1349.36
1457.61
-56.7626
109.384
2.57918
-1.97811
0.316538
2.67448
108.999
0.419346
0.451877
-2.00581
-0.341326
-4.08342
-10.3846
-2.01027
-4.39195
-0.34251
-0.0669151
0.0068113
0.0255681
-0.0699526
-0.0548158
-0.0549185
-0.0848294
-0.223649
-0.0088068
0.140506
0.411266
-0.750587
-0.462415
-0.83394
-1.3958
-4.829
-0.715136
1.76117
3.91937
-14.1743
-12.2907
-20.6199
-19.9591
5.02681
2.69252
27.6762
49.717
7.04243
-6.78691
-12.4197
-14.8727
-24.2308
-18.0815
-11.7837
-14.8673
-4.84518
1.74661
-0.693735
-1.39179
-3.15389
-0.845179
-0.461315
-0.219762
0.144759
-0.010065
-0.084379
0.184112
-0.0505272
-0.0624544
-0.0628233
0.0106861
0.0847073
-361.35
-213.267
-167.083
-207.137
-171.505
-151.955
-231.453
-453.995
-136.538
-235.092
-403.554
-108.346
-129.741
-512.769
-250.039
-170.49
-183.789
-205.241
-143.085
-164.749
-332.111
-427.487
-192.41
-133.53
-155.243
-98.1271
-137.034
-316.286
0.417232
0.390182
1.83034
2.77718
3.06626
-152881
-11406.7
-21748.2
5493.35
7030.44
-765.508
93.9955
878.956
-312.293
-329.063
-2607.47
-8826.08
-797.647
-5045.69
5.52682
-2.01597
-2.34182
-6.23981
-9.3772
-6.83805
332.147
554.997
194.032
150.923
95.8298
-110.565
85.177
-344.079
-4748.62
-666.278
-8302.82
-3119.02
-319.413
-99.9314
-204.204
-1911.38
-7237.48
-5948.08
-299.584
-12987.7
-10628.5
-1426.23
-28.0374
-7.64268
-4.39184
-2.87981
-7.42538
24.5226
39.5032
17.8031
13.215
10.7601
-309.421
-1597.63
-12652.9
-3502.25
-13922.6
-1470.84
-11239.6
-12910
-215.527
-21.5582
-130.394
-48.3699
100934
-60692.6
-193662
-2155.84
-98.6987
-69.3913
-62.0978
74.8817
-107.999
12.9115
6.73183
-92.2638
-522.092
1185.09
1298.62
1508.68
255.661
297.916
-307.673
-52.8143
-58.6276
-98.7824
-28.8951
2320.53
-47283.2
-47997.7
103506
-18768.8
-4213.23
-86730.7
-4851.46
-9.60901
-11.6994
0.537397
9.93525
-40.9159
-6.67469
-57.2944
-63.5717
-84.0784
-23.5618
-478.274
-387.228
-55.6633
-6478.93
-10617.8
-5884.71
-971.912
-1846.38
-1030.88
-551.867
-118.639
85.3776
63.5311
85.3331
105.401
136.035
82.3806
-450.001
2521.04
632.372
-251.182
-1849.76
-592.956
22500.4
4574.64
2006.51
1035.5
834.191
91.6634
236.052
484.018
226.648
138.961
105.774
74.6665
98.9035
73.4211
46.4057
23.2894
51.2891
40.0222
17.8053
-7.48731
-17.0165
-18.9326
-26.8163
-20.4816
-6.54569
-21.1938
-40.2587
-98.1677
-311.582
-369.68
-499.462
-669.521
-913.866
-1157.62
-444.835
-188.737
-197.701
-194.639
-467.371
-630.594
-505.004
-278.318
-973.504
-371.21
-67.2912
-1.58228
-26.4593
-5.74149
56157.6
-393.622
276.824
487.802
-3.17599
-2.78522
78.3681
1468.22
-0.575944
-0.397389
-1.24777
-10.0637
0.00302036
7.06272
38.6069
-21.7256
-10.1662
2.80675
-26.9602
-6.39995
16.085
4.53802
2.56699
3.08963
-12.0525
-312.915
-46.1178
-135.997
-41.0505
-6.43419
49.1623
-34.3107
122.356
214.943
121.264
960.317
803.89
1440.39
2260.02
218.003
481.027
1013.89
1458.7
1123.5
666.047
902.149
650.041
475.087
575.168
119.858
250.371
344.423
345.062
-77.9766
-19.1886
-17.3972
-21.6384
5.83799
-12.3992
2.60179
124.617
93.6469
153.416
166.976
65.7332
88.1997
87.5691
98.7324
-22.4034
-70.6879
-101.447
-19.71
-20.4912
-47.0024
-53.7676
71.9263
40.1848
-14.6286
89.3388
92.2944
157.715
208.505
378.214
336.592
316.446
208.181
95.2574
150.261
139.793
103.202
-237.758
-55.8003
178.185
169.597
65.9441
-99.1814
-17.3736
34.4081
36.6463
-23.0044
28.3677
-34.2495
-88.236
-51.5143
-51.4057
-46.4721
-45.8889
-43.0755
-10.2438
13.4311
50.5862
-35.6244
-9.8869
9.65895
-1.98804
-2.18612
4.99698
40.6322
-12.2021
1.50083
-2.71469
-56.345
-18.5164
3.31399
51.2407
-130.168
-77.1641
22.4157
705.698
484.061
320.378
158.133
1161.41
409.662
-51.5742
-384.34
-180.579
-24.1433
-69.7994
-19.3587
-62.0542
-95.0904
-53.0562
-23.7551
-16.8995
-13.2292
98.7887
-10.4748
-14.617
9.88332
90.1937
-100.713
-646.479
-847.475
-132.979
-764.562
-851.677
-28.5553
-130.645
-547.91
-298.79
-51.7046
-274.815
-520.397
-13.2987
-22.2715
-13.4061
4.03605
-3.45158
-58.8529
-13.6932
-1.38483
-1.36289
-22.8382
-7.21656
9.92095
19.3461
19.977
19.8865
-1.78023
-39.6585
-116.81
-81.1926
-61.5836
-21.3524
-17.9449
-49.3018
-43.6281
-6.9092
-47.2048
-37.3017
-25.5726
-8.99861
15.5549
8.99967
-1.55058
4.82468
1.96171
-4.46139
-25.076
-4.87198
0.56721
-4.50209
-53.2549
-4.53296
32.3138
-25.0143
51.3504
93.4238
64.5682
85.2817
77.8707
51.7277
52.2635
56.9897
35.4517
25.8842
8.83621
-14.6572
51.1675
5.98026
-18.5508
119.428
12.0089
-10.7421
323.63
97.4542
8.4355
488.675
259.627
120.125
1273.6
498.918
163.873
192.752
154.844
37.9043
-13.2875
93.0709
22.0342
-2.70888
-21.1893
41.4061
13.1967
5.92449
-6.07034
0.720477
-18.47
-11.3739
-5.13506
11.7891
3.94099
-0.594519
5.26609
3.32318
3.2431
-15.6498
-4.1641
-0.572506
0.826989
-51.7055
-56.208
-70.0447
-71.2736
-147.023
-207.843
-191.813
-73.5222
-50.1101
7.41497
-56.7086
294.207
188.923
311.356
471.35
48.7456
242.201
394.291
324.113
45.0891
169.699
194.318
51.5425
195.022
264.874
230.671
94.0829
303.436
1043.76
-1481.28
-1701.2
-983.048
-248.653
-368.796
-345.608
-154.338
-78.5574
-445.662
-195.713
-1.09793
-0.671537
11.9335
22.9005
22.4241
24.5242
6.83046
5.49001
2.25986
-48.6812
-26.6548
-5.70711
-2.82164
-13.6515
-40.1496
-83.4371
-101.188
-128.027
-323.795
-591.07
-235.732
-303.109
-67.3542
-425.885
-892.594
-501.547
-5.88281
-21.5976
-78.3791
-22.8337
-5.21762
15.3418
24.2104
28.085
2.76115
14.4822
21.344
28.6426
3.68951
16.5051
31.3893
8.4409
33.2423
45.5646
50.4339
8.61819
45.6225
-208.639
-274.881
112.324
21.2415
192.364
333.036
92.9069
67.9537
207.753
221.408
144.35
46.1322
-6.11911
-13.2597
-53.7486
-13.9638
-2.26276
-2.83567
-12.7446
-9.41628
-6.46614
-47.9396
-4.13451
19.3139
5.96416
-5.50242
-5.18119
-4.06957
-45.1152
-5.87895
120.727
44.5385
14.6641
410.898
492.487
367.534
245.272
317.194
413.429
313.773
2196.18
2580.76
1124.17
224.585
-9599.77
222.765
279.724
-9469.89
-4129.83
-854.482
-128.323
-378.954
-266.391
-116.522
-253.385
-256.839
-143.62
-223.152
-369.433
-175.468
-255.241
-442.29
-242.83
-259.37
-357.993
-180.698
-168.502
-60.693
538.437
561.804
702.099
229.779
899.554
268.108
936.565
1241.35
737.901
372.862
-45.6597
-275.641
96.6615
22.7516
-19.3239
-23.3579
-12.4334
-10.1413
-9.40067
645.061
-10.9523
-14.273
242.702
126.05
130.253
55.2198
17.496
18.7748
16.6325
14.6581
-48.0503
-25.2278
-9.53087
-49.3206
-20.187
-4.15834
57.1246
42.0444
4.30937
-15.625
-13.3864
4.95402
1.89003
-9.68338
-42.0634
8.70421
5.87102
-7.978
29.8483
10.8965
-7.93213
-23.8806
38.4974
18.0142
60.8108
36.351
153.766
191.479
-11.8882
18.7611
8.89262
-143.034
-13.9583
2.02468
-8.19707
-25.1944
-34.0206
-68.9227
-104.473
-57.3961
-116.825
-128.048
-192.25
-344.697
-323.755
-328.158
-423.342
-323.502
-205.831
-30.5111
-135.461
-163.135
-134.641
22.7061
52.1191
-4.71187
14.2777
113.978
-8.57196
-46.2767
0.830854
14.0915
-12.0215
27.8185
10.6396
-8.48474
-30.4037
15.1938
5.86997
-6.52556
3.33054
1.33273
-6.15463
-21.2162
15.7187
0.711761
-20.3446
1.73751
-23.7389
-48.7307
92.0977
90.0268
63.8573
2.57771
14.0722
15.1621
5.30724
5.18525
4.57297
35.3523
16.0787
9.87459
41.4076
49.6261
59.6349
3.37653
4.80752
1.23763
-10.2381
-0.614153
-2.31049
-11.4037
-45.7317
15.8623
4.93651
-30.6598
-9.52957
33.7868
77.8559
17.9152
73.6242
103.922
71.228
93.3669
78.1546
11.7851
24.0119
-5.3125
-6.70522
-8.62927
-57.1296
-24.5898
-8.45128
-22.4119
-4.64446
3.84429
109.191
68.7818
19.4696
267.822
364.058
186.867
279.503
204.658
245.014
286.104
82.7532
193.775
374.248
394.044
435.451
429.443
454.908
84.127
190.86
-82.4239
-59.9033
-35.7052
-11.4195
-16.9156
-13.8644
-6.25534
-11.119
-3.06816
-46.2693
-72.1095
-121.414
-26.5578
-24.2543
-27.0635
-25.9447
-20.9279
-17.0712
-20.438
-23.9247
-23.1332
-21.1416
-41.8747
-36.792
-27.799
-17.5616
-52.2413
-50.3502
-40.0111
-27.3668
-26.4456
-28.8186
-24.0572
-14.779
-4.96868
7.41528
-76.8176
-85.7875
-37.5714
-12.0898
10.7449
-36.8305
-48.6882
-71.5701
-23.7845
-36.2612
-53.7657
-88.0151
-31.9648
-47.5727
-63.6959
-51.8128
-70.93
-81.4046
-76.7819
-42.6554
-65.4742
-83.1433
38.8356
23.4425
-14.9561
-90.9333
26.8932
44.2562
37.6091
-2.27546
-10.4527
-44.337
-54.2044
24.7044
0.806496
-26.5107
38.4172
47.8592
42.9631
16.7115
15.8311
19.4751
23.7057
9.33852
3.38204
-5.86631
-6.24429
-12.9675
-37.8881
-36.3174
-28.0206
-17.9962
-24.7371
-55.1374
-25.6647
-21.4022
-26.0214
-24.0297
-25.9011
-25.5345
-65.2671
-52.4786
-35.0858
-45.8089
-62.5531
-28.6297
-35.0362
-45.0256
-14.3092
-28.3399
-43.5664
-62.4973
-43.1007
-52.8565
-56.6318
-71.7128
-53.7189
-31.4853
-11.9995
5.41245
54.9649
-33.5039
-13.4558
35.7348
164.564
-61.3049
-99.5318
-13.0388
-14.1549
-7.72262
1.39405
-13.5279
-46.5345
-37.1906
-22.0344
-38.3622
-25.3369
-10.2187
-17.7885
0.132833
13.6217
22.7715
28.0016
-1.76976
18.1507
12.3802
-3.12316
6.9603
-12.0252
-98.1824
-131.98
-98.6538
-76.5147
-14.6348
188.343
9.26353
-12.2525
-21.7965
-58.5044
-53.8682
-74.5947
9.31508
-46.9251
-121.658
8.91007
-1.18261
-52.6036
-1.26524
29.9453
16.0249
8.83719
-1.69992
26.2738
18.8083
32.2448
52.3955
40.084
38.4409
35.5451
23.267
12.925
-0.445148
-36.2863
-864.799
-786.534
-617.351
-495.494
-434.974
-1100.54
-406.606
-54.0574
-51.8781
-24.0759
-4.07661
-164.37
-16.2741
-3.91432
-3.48913
2.45779
7.51292
11.8995
-7.65465
13.7962
19.1036
22.752
118.138
38.3208
13.0791
29.9543
111.707
51.1065
63.0244
919.313
848.376
1024.74
-21000.6
-11845
-7509.57
-4074.39
1393.62
-1026.13
-3144.2
-754.201
387.443
843.796
1160.66
21.7384
127.018
436.387
91.6395
72.8684
-24.1807
124.416
31.0902
-36.3743
47.5628
200.633
376.88
456.42
163.683
161.05
320.557
152.245
145.548
193.79
79.7148
84.6631
149.358
69.7145
51.5843
53.6515
98.9898
52.8869
89.8267
102.015
171.876
632.401
324.567
36.9735
27.4978
97.5563
19.0245
-32.5623
-81.3524
-47.9385
-38.8717
-85.1595
2.08932
82.1355
60.1311
111.507
41.4294
-177.601
-77.0723
633.405
460.453
-10.4608
-328.02
-539.894
14.1734
4.71112
3.28477
3.48265
2.63998
2.59803
2.9283
2.15547
3.51198
6.89309
15.1175
32.2902
29.7916
30.8001
29.0574
44.7126
54.5251
17.5175
3.37521
7.00285
7.8754
6.43646
1.05589
2.94422
3.29987
5.14688
16.1203
8.48699
5.04856
3.4505
16.1857
5.75573
4.04869
3.13161
11.1865
13.0081
15.3404
12.4091
-248.905
-45.5413
-10.3964
-2.91546
-1101.26
126.381
136.457
20.5426
1159.52
348.711
0.0377224
-4.64751
284.719
920.481
48.2884
-28.0395
-39.3619
-82.7113
-17.7699
1.09042
6.37039
-757.779
-334.179
25.2981
-632.531
-1940.61
-523.805
-21.5516
-1.73451
2.84073
13.7152
2.1841
11.1141
22.395
7.71248
5.40274
3.77906
3.85964
-1.26448
-29.9526
11.03
0.704819
-14.7915
4.81895
1.76799
-1.3843
0.455537
-0.279982
-1.2556
-3.12688
2.88331
1.05955
5.33481
10.2843
2.57522
2.39167
3.87607
-5.0192
6.75293
23.3861
16.3056
13.3691
9.61813
-6.78221
-1.98709
2.66757
-6.08953
-3.52822
-2.71466
-0.612297
-3.04315
6.74587
18.3787
-6.41144
6.95218
15.6414
24.7493
-16.0072
-9.33918
-404.258
-300.031
-219.649
-121.075
-48.8216
-61.4931
-73.1485
-65.7792
-37.209
-22.9807
-17.2541
-7.8047
-689.999
-733.163
-613.25
-316.191
-1371.94
-2041.87
-4258.83
-4416.73
-11.7598
-98.1701
12.9696
220.119
12.7395
626.499
2049.09
-28.856
-15.8085
-35.1563
-55.3375
5.47565
-3.72167
-26.8902
-103.954
-124.06
-78.6724
65.7537
12.6702
28.351
106.001
148.832
98.0499
78.128
24.7267
20.7867
-0.570266
-23.4453
-0.591251
4.9475
5.4415
15.1763
11.9828
10.2487
8.52676
25.3337
24.8892
21.1818
71.1254
41.7673
29.2498
16.3533
63.1821
53.2606
44.6388
51.2321
36.2853
28.4039
31.6672
18.4674
23.3346
19.2072
42.9493
26.7006
33.792
46.0063
7.24213
15.335
32.4377
5.484
7.49485
10.6929
3.74147
5.06722
7.55869
9.86288
4.80342
7.74922
6.92188
2.45341
2.09674
3.73294
3.2269
4.00125
6.11896
8.00476
8.18944
9.45117
16.1148
14.7814
11.4321
35.408
21.4192
11.9384
6.0252
40.4156
41.4465
37.0743
6.0023
3.46412
44.1474
48.3068
58.3101
39.6337
38.9037
38.0754
37.5838
38.8687
4.87961
4.88269
11.6534
5.71127
9.50031
18.8262
4.52662
5.62883
1301.85
964.983
526.005
262.754
-49.796
162.514
124.849
113.179
-1544.45
-906.217
-681.711
-78.1818
-139.318
-296.18
-373.656
-0.666606
-0.969961
-2.19764
11.9054
5.10862
1.13972
-2.87805
3.64636
2.4965
1.97631
0.516727
-3.03233
-0.124411
5.16197
6.1971
-3.69425
-15.9973
-6.95398
-2.49652
-9.5766
-29.6649
-8.67421
8.81694
24.1272
71.5199
47.2979
214.344
49.6415
103.116
166.118
-11.6895
5.6823
96.0234
261.735
2.59431
-4.07251
-15.6447
-17.4362
-33.5058
-49.4098
-41.624
-10.2467
-14.4309
-14.2595
23.3509
10.2049
-3.73889
22.4245
26.2466
-69.9652
-41.917
-13.6933
551.367
429.353
523.866
654.663
42.8034
181.184
630.186
-18.5835
-14.3392
-9.03808
-53.9958
-74.7606
-59.7795
-89.587
-42.8699
-6.2108
-27.1725
-79.0417
-0.458907
9.87589
9.98202
22.5179
12.9325
5.73022
2.46846
37.9041
8.78684
-3.39329
-25.1417
-297.795
-161.874
-104.804
-72.2599
87.6057
71.1415
76.3434
177.163
211.755
106.929
0.762013
-2.05108
-13.7506
-61.6374
-57.8394
-52.8891
-169.81
-214.535
-145.763
-32.5709
-62.3144
-79.3731
-112.456
191.749
124.738
69.5292
419.476
257.113
54.9802
121.697
42.3035
-237.554
-499.93
-421.913
-139.658
-61.9581
42.7028
-250.752
-132.294
202.492
193.378
257.247
384.783
-218.215
12.7327
252.961
670.396
-304.935
-101.605
57.8291
-124.687
-45.3932
171.844
5706.93
2276.46
1366.52
586.632
563.501
218.889
187.25
-0.477546
86.2747
85.2966
136.696
7.1098
-9.67142
-11.5487
-14.8591
3.88293
-13.6078
-12.8297
-9.59044
-3.80135
-3.30609
-2.71728
-24.7139
-30.6149
-27.1418
-0.150315
-7.02461
-10.9596
37.4673
79.1963
174.299
188.182
98.0187
55.4778
53.0474
46.9811
36.9538
10.6167
13.1937
25.2843
43.9121
3.27133
18.4247
63.0296
27.679
-20.1896
-9.3493
-45.1981
-22.5099
-106.154
-300.918
-2372.2
-8829.01
-2334.04
-13570.1
-1568.73
-1556.51
-2140.7
-365.599
58.5329
21.9345
-260.45
3.34419
31.6322
-295.658
-5.34462
37.9922
-0.453948
28.8174
24.174
-39.5158
-21.9081
-1.91886
8.947
-21.4085
-99.4489
-241.928
-431.287
-12.0775
-117.358
-693.045
-16.6617
-28.3071
34.3761
33.427
53.9745
167.34
141.826
93.293
168.402
100.309
137.074
414.327
17.2776
-65.9694
-42.2443
-175.386
-140.595
-337.277
-431.851
-285.623
-504.744
-316.195
-108.66
-395.919
-263.453
-54.9474
-276.791
-188.279
-65.4487
-381.849
-315.475
-915.835
-1114.74
31.5764
10.2753
-519.162
447.011
823.723
769.365
254.779
829.294
843.447
172.278
524.657
769.461
264.629
437.963
647.109
216.378
276.695
364.266
371.32
1024.05
1484.17
2441.01
134.628
234.786
-60.6046
69.6539
7.99707
-10.8418
23.0425
2.56903
-6.41678
21.2282
7.23789
2.42295
21.1818
10.9681
0.859588
5.44641
-0.158243
-12.3651
-4.27543
-6.48145
9.26211
5.00727
-1.2639
-5.56745
-4.70564
-3.26219
-5.63916
-8.8109
-0.862658
-1.21168
-3.54553
-37.3137
-9.20306
-5.98484
-5.19562
-26.0097
-63.5221
-87.8754
-46.1945
-86.6779
-127.63
-50.627
-8.34297
-16.0229
-89.2488
-123.36
-7.60365
-5.19057
0.690729
-2.18937
-0.851159
1.60502
4.78066
-1.64234
0.943533
3.35597
-1.21792
1.18695
2.377
3.44757
-2.30597
-1.48895
-1.85078
-2.18576
-2.16703
-2.04352
5.02401
2.50062
1.59578
2786.58
2.25205
1.08688
1097.05
0.50404
-2.05362
125.387
-2.30748
-2.79634
117.385
-2.06269
-1.82529
105.484
-5.37157
-2.48479
60.256
-5.76322
72.4676
-11.0955
-12.6954
-20.5565
-71.6682
-102.746
-137.56
-640.11
-632.208
-346.626
-154.758
-115.216
-213.025
-193.233
-131.078
1411.3
-189.562
-270.217
-294.879
2842.44
574.712
-727.979
-1233.24
-167.968
7.52544
5.34046
3.04016
2.34159
-2.38205
0.271956
-95.2908
-103.729
-39.2464
-10.6477
-73.7507
-30.9407
-13.0284
-50.5561
-22.0311
-3.63844
-12.6298
-6.41703
-2.04228
5.15246
-30.7602
-2.11115
8.07349
21.1863
40.1556
41.0165
30.813
64.2616
39.3893
14.8786
30.031
13.9198
179.386
39.6791
-51.9722
7.82646
-67.6714
-145.295
-49.3912
-8.01094
-56.9178
-54.1679
-66.2757
-77.0388
-113.036
-76.1723
-3.61185
-23.0289
-53.2132
-38.9916
-79.1973
-94.6416
-63.2114
-63.1423
-103.995
-60.216
28.4639
-9.35416
1.12445
0.0162468
16.7126
85.3639
47.7573
19.1545
88.9693
41.1336
-3.89566
139.127
90.9439
33.0063
23.0859
121.307
12.2703
-17.3125
181.704
182.026
109.655
826.808
313.127
130.241
54.243
73.6651
48.1655
24.7294
-2.09201
-14.1344
-9.91992
-10.7627
-4.57137
-6.12653
-6.7914
-2.20128
37.9638
195.373
75.1332
106.535
65.8086
-10.0665
-48.413
-78.7784
7.88759
-4.52629
-26.9031
-55.303
-2.35022
-11.651
-35.2083
-3.03359
-7.78195
-13.2022
-15.2051
-73.9752
-50.1857
-27.0874
-18.6947
-100.903
-120.553
-155.959
154.171
69.8228
55.0926
28.4122
-117.102
-62.6098
-40.0571
-15.5649
-836.805
-2085.81
-1110.53
-929.333
-2403.62
-2559.35
-1327.32
-2335.97
20.1783
-474.71
-2075.34
-754.749
-1319.5
-814.985
-529.26
-252.684
-7.84056
19.0469
453.156
-597.799
506.643
561.061
-739.463
622.037
202.535
107.224
29.8505
-28.1216
-7.45888
-14.981
-21.9504
-18.983
-15.5386
-3.97587
-6.13302
-985.865
-1777.88
-284.524
0.306769
-3.41451
3.29446
18.4845
31.8468
3.74174
13.4517
20.7486
24.2964
-10.9388
-18.0285
-25.0117
-419.091
-258.752
-63.7883
-26.5051
354.758
892.815
2192.26
1795.98
596.049
1245.43
1054.09
600.909
65.0238
-532.981
-857.059
-759.607
-858.958
236.704
18.8735
168.597
567.605
-137.516
-285.875
-2743.45
-268.286
55.0576
-568.497
-2403.63
-118.613
-390.693
-355.597
-123.743
-86.8686
-85.1059
-63.1177
149.755
195.063
263.486
193.019
68.2466
54.8667
86.6619
54.4891
51.5385
79.3678
118.771
38.1897
6.12244
66.9843
39.045
29.7445
47.5245
39.969
34.6858
15.1134
26.1858
31.3522
32.5203
16.9837
15.3619
12.5434
15.3676
11.4498
8.95097
10.8144
4.62131
6.1006
7.67997
7.99472
10.115
17.529
11.0942
-76.8476
-274.289
-186.093
-62.7418
-84.586
-447.447
-325.015
-75.0962
-39.0841
-36.3486
82.9604
-284.589
-411.643
124.846
569.367
2874.88
4102.87
129.702
377.79
813.442
-266.903
-199.229
-625.659
-168.108
-24.7134
-51.4111
-117.879
-3.37575
11.8584
123.342
27.7843
44.8729
7.9082
5.76081
13.8315
81.9189
67.5372
37.5345
20.1584
53.7526
58.9618
38.882
5.28751
33.7157
47.3373
56.418
45.9607
61.2058
56.4085
47.8421
40.5295
53.4215
54.2187
56.4536
59.2346
70.6367
53.1591
42.7654
46.1137
84.1734
59.2421
13.91
-9.92782
-21.5664
-27.4028
-16.962
-6.85956
-24.2439
-13.35
3.64244
7.75316
50.9708
66.7159
35.2554
22.729
18.6075
68.0862
110.333
140.891
95.8792
119.817
110.309
48.9226
31.9347
17.7933
-230.813
-94.0757
-18.0637
-307.218
-284.39
-16.2773
-10.6378
6.38892
5.76304
-15.4525
-10.76
-2.26007
18.6491
-17.2148
-19.63
-4.91447
25.3609
24.8321
24.6877
45.376
45.0484
8.01821
57.6793
106.535
147.846
9.74221
15.6179
8.87206
44.0251
29.6872
11.6563
0.420422
32.1888
26.1839
17.0675
40.395
23.6685
13.8505
8.32567
28.1996
12.4603
2.97139
-1.40161
2.25613
1.27892
-3.00139
-5.27455
-3.30827
-2.3857
-3.96085
-5.71047
-2.91321
0.266775
10.9608
6.76502
2.42952
51.985
20.3716
5.37572
0.0143052
38.2389
36.6455
98.9049
102.876
109.39
165.779
105.018
70.6917
60.2051
67.3934
12.6239
22.6494
62.4806
17.5998
26.7729
58.8989
177.669
59.3657
107.811
238.468
32.9072
40.7934
52.3862
60.6955
6.70936
13.2945
20.9116
11.9451
8.99731
9.13575
0.783488
20.5021
14.9942
11.7259
21.9716
14.5091
13.1719
4.5037
-12.2894
-34.8193
0.756513
-3.60061
-14.8708
-236.319
67.218
65.9686
37.7561
45.1984
93.1235
-1.07933
-349.919
-38.5278
-68.7118
-153.994
-9.09892
-16.1357
-36.0125
-61.8042
15.3938
48.5165
124.256
73.8878
60.9785
95.0792
293.168
75.4636
68.2871
108.303
69.5539
67.9217
111.329
310.511
79.9674
74.4359
98.9682
178.107
116.447
211.249
575.613
257.419
227.615
204.205
105.341
100.789
155.977
265.301
142.712
154.309
37.558
92.5953
47.3937
-76.2141
-416.537
111.037
-23.3238
-114.424
56.6356
30.7023
684.639
1538.66
2274.95
52.4148
-7.62584
-4739.71
-31565.7
112.236
74.8053
37.116
74.8477
74.7216
48.2079
17.0293
38.6539
23.6246
14.2318
7.72495
-2.67404
4.99695
17.1017
34.1495
-4.18581
0.224367
5.58746
4.72615
2.24992
5.73868
6.78702
6.35902
-1.82584
2.315
6.65561
14.9208
-3.30656
2.32638
11.6001
23.9615
-0.149657
-2.40644
-2.60476
-4.44158
-0.261952
-0.420928
-0.925856
-2.15649
0.563327
0.324088
-0.181657
1.45932
0.465314
0.544704
-0.0134848
6.3153
5.60453
3.91234
19.0789
16.2865
9.34627
2.34289
29.6411
21.837
12.0062
54.992
39.7836
26.9507
21.8164
11.8877
14.3148
11.5807
11.038
5.60372
0.975679
-1.4431
0.467327
0.753254
0.496706
0.328307
-0.0433664
-0.72312
-0.149009
0.118908
0.102143
-0.881153
-1.80937
-2.64701
-11.0038
-9.81446
-7.11674
-0.655619
0.660258
-6.70247
31.8461
12.7614
10.4732
1.40299
-3.34845
-0.693619
0.120892
1.25936
-0.950787
-0.30233
-0.0258734
-0.264206
-0.0446158
-0.0178818
0.031262
-0.115857
-0.168204
-0.637237
-2.89322
-2.23093
-1.38985
-0.684068
-2.22595
-1.15194
-0.0953237
-0.109318
-0.487259
-0.995275
-0.120767
-0.0417389
0.261016
-0.45622
-2.11828
-2.85564
-1.9838
5.65592
6.94635
13.5459
2.83899
-1.99053
-0.157837
-0.376412
-0.927763
-0.116696
-0.0580963
-0.207836
0.0524412
-0.00948787
-0.13758
-0.661661
-0.170999
-0.115595
-0.787774
-2.08815
-0.919942
-0.104314
-0.921178
1.17942
5.40774
2.04571
3.74943
6.68573
2.62625
3.75569
-1.40788
-1.80998
-2.71684
-2.04291
-0.853078
2.73493
-0.190556
-0.987215
-0.482883
-0.115801
-0.0398839
-0.117674
-0.0567003
-0.0329412
0.0116802
0.0932723
-0.0142098
0.769336
1.19652
1.99477
4.6088
10.7788
-27.8785
-1.6639
10.2039
-16.8161
-14.2284
5.72512
62.7793
21.8699
21.9763
39.7644
66.4981
51.3664
43.8042
77.9997
86.4636
56.4929
50.4845
37.1183
40.5162
26.1184
7.96285
9.89164
13.9372
8.29408
8.02749
9.50239
6.08877
9.08797
15.6193
-2.53508
1.09083
4.43146
-2.28749
-0.147887
-1.61093
-3.39749
-0.191794
-1.0391
-2.33044
62.9721
-54.4673
-1.08973
1.60449
3.34118
-12.6478
-0.776114
2.16499
2.19685
-21.7267
-2.01418
4.3748
0.87469
0.508428
-41.4149
-27.5407
6.53316
878.272
176.095
58.8689
302.281
-761.252
-0.132911
-0.527384
-3.58919
-0.550554
-0.549605
-1.75361
-7.58138
5.82365
-1.25313
-23.5771
19.8369
-31.0249
-45.7556
-115.1
53.3093
208.341
11.8028
12.5033
3.94981
-0.844415
-5.92199
-4.68294
-1.9046
33.973
47.4775
49.9902
52.5164
49.3606
38.238
31.5439
45.2746
43.6762
25.0311
5.42023
6.91346
9.61922
13.1559
5.43896
8.12486
12.526
6.73783
6.27983
7.97612
14.5838
4.15662
1.88838
-3.12152
-0.226233
-0.838563
-3.04156
-0.895354
0.497716
-3.37817
-154.434
-55.7689
62.9364
18.5858
9.92682
3.49352
13.2063
13.1539
20.4598
22.2941
22.8313
22.8708
1.02074
10.6003
19.8635
-1.71956
8.84553
14.3717
-13.4471
3.14099
5.52921
-291.499
-384.575
-401.28
-117.967
-745.346
-1118.06
-380.03
664.529
354.478
165.336
102.447
79.0724
70.2893
61.0866
111.723
28.9309
11.0039
-5.81184
123.35
92.2568
33.3657
249.87
69.1627
-3.34924
-1.93602
225.483
87.766
29.4537
1587.7
584.357
122.116
18.2008
1797.98
2189.58
891.238
22.9733
8.56259
-4.16256
-10.1804
-9.859
-14.1359
-6.53099
-6.10811
-4.55705
-0.965467
-3.19879
-3.48117
-6.78529
9.73337
7.43082
6.47034
13.2083
11.4964
10.1455
-3.49204
-3.19303
-0.895361
6.47271
7.48974
9.66596
18.2811
11.4987
13.1445
20.3637
9.71614
7.73984
11.6019
13.8183
10.375
9.64937
13.9741
11.8899
9.78439
7.53237
4.64612
0.831394
-3.62806
-3.46735
-3.16677
-11.1413
-27.9901
-62.1161
-94.3127
-119.091
-118.811
-153.447
-232.331
-202.057
-24.1927
-64.3727
-101.089
9.9142
24.3322
34.7749
25.0124
30.8682
27.8795
26.3368
30.8676
34.1728
48.2496
51.6383
42.8315
48.309
59.0285
70.5173
100.97
24.3079
24.0843
-100.409
-145.17
-192.482
-166.436
-184.735
-43.2094
-96.6361
-154.401
-188.756
-23.214
-29.4339
-29.8311
0.134397
-3.71264
-11.7493
3.24589
4.64447
5.84932
18.4924
11.9034
8.80481
17.0623
10.335
7.53605
7.78068
8.62518
-212.24
-275.631
-196.315
-160.93
-130.487
-123.875
-62.7024
-40.1879
20.6312
64.1395
7.87222
61.3911
75.6831
31.0716
2.64835
-26.2413
-15.1901
-15.2119
-14.2956
-98.5435
-65.8939
-8.20576
1.80987
35.4684
40.0782
43.7616
-57.6469
29.9934
84.3209
108.928
-76.626
-101
-377.89
-33.5189
-42.4189
-98.2961
-438.942
-19.5059
-90.0416
-244.232
-12.2415
1464.13
4418.19
3029.58
-53.1841
-73.3113
-98.6929
-355.747
-304.585
-363.77
-296.959
-151.682
-42.7856
-60.9765
-32.8714
-9.30258
-385.799
-303.153
-522.316
-66.591
-458.942
-2186.17
-20.4651
-26.2313
-30.0482
-2515.86
-2341.15
-1.53817
20.2233
63.4229
165.747
125.213
178.981
178.342
43.9547
71.648
123.741
250.059
102.265
174.203
244.457
190.048
502.246
1415.91
297.432
1911.86
5617.87
65.7688
106.406
102.298
127.672
10046.3
22348.6
4629.82
1228.8
241.28
410.558
203.182
91.0754
225.609
114.599
122.092
127.149
73.8921
81.7788
91.5499
54.1131
40.3348
11.1537
-10.5497
-28.9411
-26.2219
-21.3689
-6.75191
-20.1894
-27.5216
-75.5126
-444.674
-390.577
-428.69
-1118.61
-816.086
-370.657
-168.854
-239.086
-209.176
-167.558
-8.7879
13.3465
2.22059
6.72406
57.7206
11.7326
-17.5938
-6.50848
12.7239
69.1943
5.51601
0.866829
20.814
-1.57703
-26.2601
-5.96311
-0.78867
-0.680233
-0.520326
15.9216
0.884499
-1.80254
-5.44401
-32.188
105.174
-387.621
-2368.46
58282
0.617662
11.151
41.2684
36.3022
50.8519
62.2933
49.8018
44.5518
63.0383
62.7144
44.4603
24.4907
13.9783
7.27571
6.50163
6.39861
6.87244
24.9128
10.3877
14.3725
2.81278
6.10749
4.80028
1.2248
-9.2801
-4.46244
-5.52684
-1.90913
0.81105
0.422664
1892.7
217.438
99.4967
11682.5
-1.64154
-1.96892
25.1396
-6.49431
-2.37183
-2.05405
31.6949
-0.478713
-1.85193
270.124
0.897989
-0.369075
8.90561
5.22093
1.54588
0.12273
3046
2.72864
1.85482
-1.01733
880.63
56.4728
-14.4189
-11.2366
3.72178
-7.85053
-10.6224
-6.74734
-7.9163
-8.50062
-141.354
-97.42
-130.17
-536.956
-894.778
-15.8202
413.468
176.359
238.217
317.551
109.026
183.396
349.578
112.912
173.24
178.503
183.29
295.011
261.365
292.692
114.466
37.8056
-26.2109
41.2764
87.4314
-23.2561
64.7974
90.0189
-23.8867
19.3201
27.7778
46.4242
164.611
156.276
151.043
146.203
147.292
121.441
603.412
844.081
52.4963
32.1735
44.4978
-92.2901
-45.0593
16.7251
86.2532
-66.5625
-59.753
-43.4565
5.49849
2.70782
-10.116
-15.6982
13.4839
78.7104
121.791
205.762
212.761
167.348
253.242
140.648
74.5028
9.3905
9.70767
16.683
8.66983
-8.36419
-34.5603
3.72768
-3.42743
-11.8064
11.9334
4.72406
-27.1867
-9.46225
-27.1845
-75.986
-52.7079
17.3661
161.528
-5.67228
115.19
247.672
446.914
46.2864
185.406
420.766
149.554
259.77
442.404
366.899
255.966
414.889
350.248
1394.55
1239.44
168.062
106.69
34.7191
9.45751
-6.20498
8.74364
7.84714
0.8394
0.150874
0.35332
1.51963
1.98652
3.80747
2.17287
1.57267
8.11259
5.74369
3.30755
0.79545
1.41446
2.94253
2.49473
0.999218
0.98312
2.97475
6.54507
5.17433
6.16139
8.59365
8.05607
12.0384
21.0859
21.3926
14.2923
7.88102
30.8603
18.5478
10.8862
46.7612
40.1864
32.8883
59.7074
48.1831
36.0021
24.0835
36.7218
26.7913
17.1016
12.4218
7.65859
7.50054
7.80691
9.12915
7.04092
4.09531
4.37184
7.13102
7.4375
5.29761
4.37765
17.5096
10.616
6.37791
5.84344
20.3609
12.6639
15.5433
21.2452
18.7172
30.7807
42.0146
42.662
13.303
16.1143
16.3362
-1.92418
4.62998
11.6032
1.72092
8.46593
16.4447
-4.20314
6.96862
12.5492
-3.36495
-5.5493
-5.84636
0.659143
-0.415151
-3.55332
0.558235
1.87479
4.38914
15.5018
9.38421
-11.0152
15.8375
17.7699
23.0263
65.1999
40.0152
9.0739
-2.72823
-10.5039
-3.11037
-3.92409
-6.54122
-4.08785
15.1359
48.5963
230.571
893.429
825.218
237.634
304.158
727.432
55.0597
-4.73732
-13.4782
-10.3852
44.8299
45.5434
55.0831
57.4105
58.5292
57.4561
38.529
22.8605
14.221
47.127
26.2336
16.2705
27.4826
19.3508
6.29605
26.6358
6.00069
-5.36181
-3.67266
39.2311
72.0365
80.8221
13.2592
39.3833
44.0201
9.83452
-0.239991
8.48659
10.2345
15.2029
-212.418
-285.905
-163.335
-297.207
-269.403
-192.544
1417.56
-1273.03
-474.037
-73.7504
-21.1786
577.19
2846.26
-0.926612
-4.9307
-7.92776
-12.6151
-12.8154
-20.4622
-5.20251
-4.55442
-12.36
-80.5444
-11.0981
-7.01873
-7.4014
-8.98888
-7.80401
-4.60517
-1.50308
-2.22392
-3.54539
1.16231
-1.70593
-4.07858
-3.71644
-4.98835
-5.9274
-9.4535
-51.7298
-21.4038
-17.7087
-26.6293
-131.402
-5.56737
15.0943
-25.7099
20.0973
-12.2869
-7.86249
-5.38498
15.696
16.927
13.3951
19.0573
24.2583
49.056
65.6535
-379.014
-74.6011
-20.7401
-35.9081
-20.1843
-23.9915
-14.3263
3.91389
2.73519
8.21162
17.792
10.6798
10.778
22.5079
153.926
29.5896
34.8573
132.2
37.4272
46.0043
44.3324
92.1282
482.592
2972.42
14892.5
-491.261
-112.385
9.50367
-48.7068
24.8233
29.5592
-0.437055
78.1561
37.1878
34.1473
80.3404
143.09
177.107
-183.506
57.7521
97.7378
469.91
-117.809
-43.6106
4.85152
869.545
369.518
278.034
4276.03
8030.74
404.616
550.311
12.8859
0.642012
-24.0302
-612.028
-273.791
-136.703
-669.531
-92.5066
-10.0143
-16.0716
-12.6525
19302.8
-2064.5
-338.616
-136.908
-15.1559
9.12227
-163.206
-270.971
-240.411
-161.577
146.116
82.1919
-76.1971
-39.9956
-27.1423
-39.2237
119.221
123.53
-73.8264
-93.3302
20.5785
88.8849
253.499
183.993
39.8744
1.45869
-18.8648
45.3728
247.481
231.706
26.0203
69.9912
71.0653
31.3071
225.468
224.487
21.2576
12.8708
0.655664
-26.7309
21.7718
-49.1282
-60.2599
-50.3413
-50.5874
-59.4847
-101.368
-69.9779
-32.6679
-199.398
-343.656
-1626.07
-2660.8
-4079.77
-7642.97
-1197.7
-4041.16
-9739.93
-6883.29
-5816.39
-8815.69
-15326.9
-6223.67
-3985.37
3010.07
6552.6
2299.05
793.78
1219.27
21.6136
552.766
372.202
82.4946
73.0935
120.351
100.823
182.61
333.037
275.232
210.146
226.274
206.067
180.768
145.137
100.853
87.2447
75.0016
66.2933
80.8318
59.0189
46.7001
40.0137
14.2392
51.5976
52.8764
47.57
-50.5556
-21.3497
-4821.46
-4256.68
2.05369
14.5857
41.1722
0.693604
7.71059
21.22
17.0179
-1.65655
-4.57277
-10.9478
-12.5573
-15.0785
-15.178
-6.30105
-20.2784
-26.6176
-25.6509
7.34262
7.29928
-0.520755
-3.11011
33.26
89.8966
15.7147
25.9664
57.4855
-14.8189
-10.8463
17.5607
-23.3346
-50.2273
-42.0296
46.2451
214.712
726.814
2216.32
4997.26
139.342
125.888
143.243
77.8048
89.7177
103.811
112.829
91.6218
98.4166
110.274
-74.8076
32.1918
20.8146
13.3666
44.2214
35.8971
279.219
122.477
29.6274
252.996
87.5645
14.9364
1.83438
-3.40809
20013.7
378.269
-216.007
490.692
80.6717
-83.3284
-110.8
41.6589
-37.4732
-29.731
18.7347
21.1661
32.7252
63.9576
-13.5309
-30.0942
-30.3775
-8.54213
-50.0939
-12.845
-4.87285
-2.21451
-19.324
-5.40924
-0.039033
3.11186
2.03762
1.18818
0.51086
6.62618
8.04715
7.52288
17.1302
14.0171
12.7672
11.2917
20.3145
21.6589
22.6731
6.44645
8.38231
7.86541
-67.9209
-1.51393
6.50088
3.12806
42.2826
-16.1694
0.849284
203.78
159.759
-34.3256
-399.188
-514.73
-504.845
-1501.07
-1726.86
2.49051
1.55752
0.581442
5.6114
0.983811
-0.16001
-0.0728398
2.67315
-3.24475
-5.54736
-2.71727
-5.19534
-3.50832
-0.461012
-5.94806
-0.888385
-1.34486
-2.21112
-4.05516
-2.75596
-2.26095
-4.27245
-4.45211
-4.64967
-0.60683
-1.40818
-2.06912
-4.79893
2.38332
6.49477
18.2235
3.24854
14.7534
47.914
-0.658923
-3.27678
-16.7253
-27.646
-40.7237
13.2763
-2.99079
-16.0395
10.9867
-6.24916
-6.67373
8.17538
-3.63372
-24.062
-78.2608
-201.773
8.63619
-42.0786
-84.1826
18.3378
0.333433
-8.2205
7.74102
9.26057
7.35476
56.5009
20.2435
3.91583
-0.050989
6.75314
3.81264
18.8055
14.8415
6.34884
-12.1678
-26.6732
-32.7782
-125.814
-103.812
-55.0093
-17.3068
-103.798
-70.9562
-32.8327
-107.52
-120.218
-79.0948
66.2443
41.8042
9.17454
12.1619
-31.0234
-71.104
83.3041
-18.6817
-108.379
-283.507
40.634
-18.7593
-148.377
49.0147
47.1023
43.1902
-18.3733
-14.8059
-0.0940952
-23.1073
-31.8413
-41.3312
-22.2306
-16.5376
-12.4316
-11.0416
-12.6195
-14.7313
-18.157
-11.3807
-9.04862
-4.61652
5.85194
1.62193
-1.55392
-1.84593
7.87997
5.478
2.76476
7.28909
3.05442
-0.28016
0.735342
6.76537
5.75555
16.9491
16.5624
13.0734
10.184
16.9968
50.2358
80.3673
98.8913
-25.7549
-52.5032
-90.1829
-21.9692
-47.1386
-81.3804
-20.991
-42.1421
-77.9749
-14.2467
-32.6331
-63.7798
-13.6048
-30.3161
-57.221
-25.0643
-56.0124
49.493
-8.35832
-6.97546
22.1243
85.7393
61.3109
24.7646
294.679
80.0158
28.4242
87.9702
40.8735
18.9518
111.157
71.0626
24.0856
296.66
212.369
81.3144
333.356
272.808
164.991
477.815
135.391
-33.8376
-658.786
-2581.73
-11726.4
-8023.41
-15.829
-17.3273
-17.0421
-125.258
-76.3671
-52.7538
-655.956
-326.491
-57.9884
-308.6
-485.715
-87.7931
-11.2254
-281.602
-276.704
-4.68999
-2.90975
-2.27089
-9.76842
-5.64822
-279.167
-458.593
-50.4453
922.836
470.567
56.0945
338.187
478.524
677.712
818.073
469.448
3145.89
741.453
408.442
251.686
93.8283
53.5852
278.161
32758.4
8378.8
327.145
1239.39
2636.05
270.25
1503.68
3662.25
1207.15
1458.25
65.5226
1082.51
4902.85
5621.05
-8.82646
-3.37295
4.8389
1.9408
5.68985
16.1313
-0.848112
-2.10036
5.10161
9.74381
17.6399
-3.34645
6.22862
-16.496
11.6821
3.1703
4.71929
3.67478
-10.9036
1.14978
7.14396
9.8701
31.2097
17.4606
51.8273
11.8196
312.163
135.243
164.448
506.313
427.219
276.564
241.498
987.306
605.329
343.382
1206.74
554.111
250.701
167.136
81.859
23.9349
135.475
153.682
63.7609
12.1743
190.417
144.121
114.184
232.684
149.026
89.2482
85.5239
131.46
159.601
215.334
17.7968
91.0351
102.281
21.3519
26.3922
48.38
12.4329
10.5467
9.28573
54.8672
32.846
15.0955
13.7891
43.0117
47.4382
29.0206
21.5654
17.1954
18.7938
18.4716
3.99924
1.63208
0.962681
439.736
-0.924144
-0.186726
17.9184
-1.51465
-0.651539
-2.61177
-1.36235
13165.7
12671.4
5917.07
1717.31
132.688
381.245
921.905
120.281
181.958
281.273
69.9756
120.432
193.994
52.0858
96.987
230.637
120.021
201.291
64.8727
87.6246
137.187
-532.658
-155.449
-8.13652
-39.9657
-45.1495
3.7478
15.7993
66.2628
208.002
-37.2321
-27.9724
-1.81794
60.7253
91.6419
74.7202
160.108
193.741
118.112
163.827
296.356
225.548
359.17
289.115
-45.692
-898.155
-27.4823
-5.35405
-1058.33
-89.1079
282.313
235.308
-94.0406
-94.8227
-76.138
-74.1104
142.823
95.5637
-76.6588
-82.4973
-87.7136
-92.2334
114.716
62.1791
-86.3003
-78.751
-74.7705
-84.4788
177.372
21.1909
-540.783
-1870.39
-3998.04
-6321.72
-16019.6
-16322
-1201.67
-5602.97
-9774.94
-5088.17
-2074.79
-7470.6
-2534.06
-252.529
-162.443
-100.945
265.899
75.9392
-13.1003
-65.5368
276.134
267.64
359.437
176.121
185.219
284.822
130.237
6.65457
-72.4055
-1.54582
-14.9652
-69.6384
-21.3116
-65.8022
28.7955
90.7365
10.1198
0.0712902
14.6033
22.9456
15.8571
48.4288
73.2348
54.9888
50.8419
59.3126
78.8867
93.7106
116.962
73.1764
67.3203
95.81
94.3057
77.6589
101.783
348.905
334.091
223.024
362.923
354.103
209.977
549.992
526.946
531.029
741.883
1046.6
251.133
229.897
315.845
372.049
309.462
302.209
10.861
-2.92496
-13.7984
42.3615
18.321
10.9385
13.6119
32.6107
19.6778
12.2697
43.8928
27.5574
12.8126
5.57182
77.7391
46.2154
-83.1532
-32.5982
-221.559
-914.74
59.1488
-173.313
-724.914
-18.5193
-33.7541
-7.04271
8.06104
7.29089
3.72505
45.8853
44.2047
311.135
123.133
-442.625
-198.216
-528.511
-845.61
16.9309
-75.431
-295.222
-868.748
186.106
-31.3301
-847.404
155.047
211.673
239.238
-231.664
-557.324
16.8906
21.2653
14.4906
8.72316
7.32984
9.59649
9.03725
5.49425
4.34423
2.77309
1.29012
-19.9992
-8.00712
-1.98934
-25.347
-16.3842
-11.0893
-9.37837
-22.6962
-11.7088
-8.13283
-33.9146
-24.148
-22.9607
-100.858
-56.9399
-22.6866
-77.2373
-33.4796
-14.7717
-60.3471
-40.2805
-18.1618
-59.4108
-36.2093
-14.3126
-67.1412
-31.8902
-12.2852
-35.8817
-12.9162
-3.59007
-1.05215
-2.95398
-2.36347
-0.147734
-4.87515
-2.13106
-0.834564
-4.38506
-1.81401
-0.78099
-0.0872274
-2.60404
-1.69412
-1.98692
-8.25728
-5.07229
-3.37038
-3.00943
-0.383764
-6.53583
-6.58167
5.11876
9.00655
-1.88104
-6.02428
-1.51511
-0.620683
0.638582
-27.0457
-14.9726
-0.223411
46.2521
-57.1418
-67.5238
-5.19957
-1.21259
24.3215
121.513
204.913
349.562
213.867
88
-6.14277
-36.2591
-127.546
24.5718
-253.449
-390.843
427.434
922.073
598.397
7.71828
72.4649
367.964
1.68016
16.8516
46.7412
-51.5414
-57.5579
-24.2565
-44.933
-52.4802
38.1038
7.68936
19.866
-3.43066
-25.5535
-41.8127
-53.6385
-183.63
-120.715
-46.2742
8.19952
9.25672
0.973508
1.6385
4.61719
6.07359
9.19318
1.39724
2.18239
0.607612
0.00267791
1.96757
1.70152
-1.54259
0.236049
3.03779
-2.49295
0.602977
3.76728
0.0993237
-8.41369
12.8793
12.6769
-26.1557
-38.6417
-57.554
83.103
-1.24081
-14.8142
89.4441
22.6287
81.0683
102.481
127.539
11.7869
46.8148
-699.385
-963.346
-778.673
-406.723
-1951.18
-1542.72
287.834
137.566
1005.72
521.137
7.93152
11.4092
10.1988
27.9447
17.4217
6.84826
6.93955
7.42431
8.59517
49.4656
33.3148
9.1821
23.0351
27.3132
6.07241
3.42922
-64.3399
74.7799
112.184
142.251
103.113
140.103
28.8312
1.39929
252.431
305.277
194.439
180.708
198.924
73.2656
191.818
23.0591
-27.9457
-46.052
-89.1033
-104.718
-214.331
-397.116
-67.8861
12.3857
-83.9768
-0.616341
-74.4295
1250.7
4306.19
1022.5
702.905
1581.82
3150.17
412.048
2330.73
66.0684
128.955
89.0375
26295
4555.98
653.487
4107.39
2466.33
631.195
832.981
955.506
370.87
3663.87
4025.65
6570.87
4606.48
3.17906
-25.0472
-17.742
-19.1244
-66.1157
-59.2958
-30.1856
-7.14194
-90.9074
-65.5809
-23.3382
-56.6103
-18.1244
3.11725
20.2178
15.4495
5.01683
14.0429
9.70388
5.63707
6.38939
4.41906
1.06311
33.1191
-2.69203
-7.96064
-11.9116
4.53288
9.94387
22.8194
28.1544
-217.35
-1442.05
9.40459
-47.976
-450.324
-1640.98
44.3126
59.2817
44.5829
107.649
47.2797
-12.3102
-13.9142
-11.221
-6.65962
-17.5337
-32.0238
-1928.42
-1776.29
191.863
267.738
271.791
332.001
573.227
2459.72
2379.25
999.763
3036.78
183.008
164.692
-148.651
151.365
1799.48
-155.531
10.3578
380.164
1068.72
-293.517
-1023.06
-1095.2
10304.7
-2941.06
-3411.39
-968.404
3972.04
242.593
-362.485
-46.1286
-42.2699
40.19
-316.202
98.204
-72.4822
-157.816
170.567
743.814
-160.786
-279.381
-202.586
-187.651
82.5889
336.269
-156.942
-323.716
-276.622
-189.043
33.1696
411.204
-194.395
-281.199
-330.173
-144.39
-4.47791
-4.04679
612.251
152.359
-72.3993
427.064
196.057
-96.813
-962.631
-113.727
114.242
10653.4
12355.7
3435.13
1700.59
1351.17
-405.597
13.7989
-71.8271
-296.076
-67.217
-58.9284
6.44612
432.449
31.142
-80.1624
642.16
364.584
-125.037
523.189
290.1
-121.856
401.847
171.484
-241.075
608.062
111.507
-247.457
454.807
123.201
-74.7979
196.037
100.612
-52.0106
50.4103
1.36742
-34.0934
-384.652
-292.599
13.783
-432.064
-540.237
-66.3335
-798.631
-960.957
-70.692
33.9346
8251.31
9564.04
1400.02
-385.745
1231.58
2596.96
-276.58
-93.0673
-132.439
-27.3664
-858.011
-303.453
241.749
-480.823
-41.7204
701.119
-526.365
-697.255
-582.173
-3392.75
-2832.04
-412.694
-119.759
450.647
4220.12
62.2772
-118.439
-279.862
124.895
122.163
-44.7214
505.614
116.906
-211.872
359.284
61.3501
-234.083
362.599
83.0781
-231.809
378.862
93.7034
-281.216
436.537
48.4397
-301.326
214.969
-25.0014
-288.287
74.6285
-24.2442
-81.8026
-117.066
50.4299
-28.6792
-217.45
20.9047
-149.122
-31.9781
-33.0225
-64.5289
-271.166
-140.451
26.9004
-43.5562
-65.1764
-116.798
-7.60938
283.936
-209.138
191.565
597.768
-193.817
225.522
582.452
-221.441
207.343
493.987
-215.734
145.477
409.046
-75.4162
162.331
532.513
-57.1093
60.0995
90.3701
13.8072
-59.4242
-47.1854
-44.8512
179.848
